2.479299621372714757e+00 1.121437546967207943e+01 -8.052458751919697733e+00 -3.242642408168107782e+00 -5.267903237992026533e-01 3.782606855616134633e-01 0.000000000000000000e+00
4.491678946936211503e+00 -1.131159757424630996e+01 6.060985214824973433e+00 -4.119914224726164420e+00 7.262922775536028164e-01 -3.891622493639896319e-01 0.000000000000000000e+00
4.242303512644646446e+00 1.208638124375687894e+01 -3.749490202500306513e+00 4.237100142551197379e+00 8.093680682290129713e-01 -2.510857121612676268e-01 0.000000000000000000e+00
4.829314730021797786e+00 5.083802817021205733e+00 -2.491302831671130313e+00 2.485296028983071448e+00 4.463460388811405499e-01 -2.187305823205257793e-01 0.000000000000000000e+00
2.767208760101189213e+00 1.096267581342348230e+01 -4.305705319882686233e+00 -4.673222287367056360e+00 -8.699503540533011225e-01 3.416820793783358901e-01 0.000000000000000000e+00
3.673507176138549379e+00 4.277577410425467797e+00 1.342145084983577874e+01 2.880884226413523486e+00 1.749632016932643475e-01 5.489696121764591208e-01 0.000000000000000000e+00
3.429826060070468863e+00 -1.461596173829546252e+01 -2.521888330749914697e+00 -1.285463492589100198e+00 2.533490987848770470e-01 4.371372525952578469e-02 0.000000000000000000e+00
1.459883167097714818e+00 3.277320452913099036e+00 -1.415534127683496024e+01 -2.116858590911044224e+00 -9.549523537597581768e-02 4.124612366963016918e-01 0.000000000000000000e+00
3.381988125140256152e+00 -6.275952927154412109e+00 6.244546580084961995e+00 -4.866745527332047239e+00 6.899860139494728983e-01 -6.865331613741446626e-01 0.000000000000000000e+00
1.332199141840968881e+00 6.777062428375753456e+00 7.056657452638936512e+00 4.995328538031142074e+00 6.920267380120473932e-01 7.205770479214135271e-01 0.000000000000000000e+00
4.833829695022971329e+00 5.830259652131736914e+00 -9.733966091309246949e+00 -4.815294489459126304e+00 -4.948579815073015364e-01 8.261949037286154818e-01 0.000000000000000000e+00
1.437016293747816587e+00 -1.017667142713181505e+01 -1.715653732042535573e+00 -4.989731746359032272e+00 9.840600687177293304e-01 1.658996599760947099e-01 0.000000000000000000e+00
2.498899510689130299e+00 -1.139641557048572196e+01 -8.356924529317110384e+00 -2.815259098563834605e+00 4.540562910013710707e-01 3.329568084360740032e-01 0.000000000000000000e+00
1.184649843208677833e+00 3.309753642430532050e+00 -5.241393444680317870e+00 3.248358176569641653e+00 3.468751388598195762e-01 -5.493185521830250551e-01 0.000000000000000000e+00
1.706551042242839156e+00 -2.528444600843460677e+00 1.329832522083877322e+01 -3.534506436823364517e+00 1.320394990471367991e-01 -6.944602225968116160e-01 0.000000000000000000e+00
1.847672289854310090e+00 1.205481726338684467e+01 8.525828562944266054e+00 -1.514516227712385366e+00 -2.473021956802549659e-01 -1.749056893639855670e-01 0.000000000000000000e+00
4.710009618175386770e+00 2.926750597302247847e+00 -1.167375488583842724e+01 -4.567118628229477117e+00 -2.221314820335126006e-01 8.860025435981677688e-01 0.000000000000000000e+00
1.787958185986281645e+00 -1.491959514579178503e+01 -1.364344292017571014e+00 -4.256705738604379397e-01 8.478036671214864151e-02 7.752865159447856237e-03 0.000000000000000000e+00
2.317336961917561222e+00 -6.461555313060814987e-01 -1.017642697851120381e+01 -4.996120735805350321e+00 6.331855035866607029e-02 9.972159532670167303e-01 0.000000000000000000e+00
3.280534533455421453e+00 -4.230217020050390353e+00 -1.434816696655577140e+01 -6.408244450126334701e-01 3.624398924878045880e-02 1.229333641301834645e-01 0.000000000000000000e+00
3.790868739784106989e+00 -3.980698398090033674e+00 -3.026848921063262310e+00 8.816415907344285485e-02 -1.403601488595121634e-02 -1.067272429731272107e-02 0.000000000000000000e+00
1.930523169438521869e+00 1.966361023164122424e+00 1.480073211679856371e+01 8.290900294413333649e-01 2.183797652637473746e-02 1.643737018442875675e-01 0.000000000000000000e+00
4.802703497709642555e+00 -1.900524288191021371e+00 -1.109984671022980152e+01 -4.838277645002734495e+00 1.633062278002586909e-01 9.537758115862333685e-01 0.000000000000000000e+00
1.448629564395500058e+00 6.967317582640045082e+00 -1.255328163099412286e+01 2.452559946439643479e+00 2.380380172598963451e-01 -4.288821679368102768e-01 0.000000000000000000e+00
3.600262186146517163e+00 1.204561411464735698e+01 7.956845512308171386e+00 2.306251512701462225e+00 3.848648058721709231e-01 2.542261253185587044e-01 0.000000000000000000e+00
4.156271379189619530e+00 -2.480252136773621885e+00 -9.428972182321658124e+00 4.993732389873403399e+00 -2.540730842866414929e-01 -9.658889144761433343e-01 0.000000000000000000e+00
1.940881535450827755e+00 1.946936113821378322e+00 9.021051548985008495e+00 -4.940160137971961518e+00 -2.084392852293157905e-01 -9.657951915004433507e-01 0.000000000000000000e+00
3.414539137058406837e+00 1.437319803723541067e+00 -4.827655182324831706e+00 6.077774248063732010e-01 3.468561477588195247e-02 -1.165016911971229058e-01 0.000000000000000000e+00
3.487105510153380994e+00 -1.177555275445734750e+01 3.995437023369309837e-01 -4.671541839418077657e+00 9.337710250861001038e-01 -3.168278723532791386e-02 0.000000000000000000e+00
3.158825247345775633e+00 -9.489900710484695523e-01 1.490719033317299136e+01 -7.889335001323107832e-01 1.002439190017465065e-02 -1.574679468090965928e-01 0.000000000000000000e+00
3.855193422301887107e+00 -4.267053083776725764e+00 4.744016940134450522e+00 3.449743147284782818e+00 -4.613982141666156944e-01 5.129725131558128259e-01 0.000000000000000000e+00
2.175745007425740063e+00 1.013971882195681395e+01 4.936855401296439405e-01 4.997697268647359969e+00 9.983568271487460732e-01 4.860828373127697166e-02 0.000000000000000000e+00
2.537759701821212133e+00 1.353361651310383174e+01 2.769830766263146948e+00 -3.232995558517261614e+00 -6.334681798990358104e-01 -1.296475079247434159e-01 0.000000000000000000e+00
1.247553952376748931e+00 -1.790946719737289028e+00 -5.276510057170536783e+00 -2.322562738424558848e+00 1.492986798841079710e-01 4.398656739751239941e-01 0.000000000000000000e+00
4.424959666727797725e+00 -1.279151454667952770e+01 -4.146382456332251110e+00 -3.622133529001205332e+00 6.891262523469249279e-01 2.233809759197757927e-01 0.000000000000000000e+00
2.522254354310994540e+00 -6.784600021166951045e+00 -1.304372296352201666e+01 -1.698403567313822027e+00 1.567465255983704897e-01 3.013528062112779682e-01 0.000000000000000000e+00
4.049920257090096953e+00 -1.160804163371049214e+01 -4.024058944676559335e+00 -4.446947463953839552e+00 8.403287798317381485e-01 2.913094774859231739e-01 0.000000000000000000e+00
4.445279316759626731e+00 3.801522346134982744e+00 -3.339951574263025691e+00 7.743199722760287784e-01 1.163402351417286984e-01 -1.022145120116966233e-01 0.000000000000000000e+00
2.254686127437627530e+00 9.441340236424262677e-01 7.823400682887411861e+00 -4.528387797144367788e+00 -1.085105564021173474e-01 -8.991536580598132877e-01 0.000000000000000000e+00
3.034487884561186455e+00 -1.815255628847195490e+00 -1.271731849311213480e+01 -4.110843878248355843e+00 1.161778806356277283e-01 8.139190351037953741e-01 0.000000000000000000e+00
4.290426718076592039e+00 -4.398902773125337617e+00 -1.322642619827628252e+01 3.079977963415880815e+00 -1.944008688895608461e-01 -5.845159299626325744e-01 0.000000000000000000e+00
1.332288644595688965e+00 -2.916421211468946950e+00 9.781820903245531440e+00 -4.995699685213321750e+00 2.854726598276123850e-01 -9.574894121005034231e-01 0.000000000000000000e+00
2.888676157544762813e+00 5.874456948135228451e+00 4.828223397474936895e+00 4.388534771873115581e+00 6.780699834554795302e-01 5.573065541461561523e-01 0.000000000000000000e+00
4.161296499970911000e+00 3.790520598519794948e+00 1.415671815248809118e+01 -1.824078290428809757e+00 -9.435712268362655974e-02 -3.524020399819141613e-01 0.000000000000000000e+00
3.258606024527724632e+00 8.061607834061522482e+00 -4.548272271258342769e+00 4.944359035253864221e+00 8.612541102144070093e-01 -4.859102884470044015e-01 0.000000000000000000e+00
4.351472717087961684e+00 7.229836093151736698e+00 6.586364815273591411e+00 4.995162903285827127e+00 7.385228817689007963e-01 6.727927246323893717e-01 0.000000000000000000e+00
2.316888222180863988e+00 -1.346429472031871732e+01 -6.342475238659706527e+00 1.073710532718990862e+00 -1.942674361740161781e-01 -9.151139582173646592e-02 0.000000000000000000e+00
2.768509090765590930e+00 9.765755098274986334e-02 -1.081045926542613600e+01 -4.933805895167377109e+00 -8.913659081854798105e-03 9.867209185627450196e-01 0.000000000000000000e+00
2.190358936044020766e+00 9.654401764828090649e+00 -9.397960205553506086e+00 3.596715625590869880e+00 5.154520874416507192e-01 -5.017605775734336193e-01 0.000000000000000000e+00
1.353338554177037523e+00 7.951230751868831881e+00 -7.639348356802693196e+00 -4.893514366639891477e+00 -7.057503305086187950e-01 6.780676848570619253e-01 0.000000000000000000e+00
4.867104493066783277e+00 1.370358841945762940e+01 -4.152595066677611690e+00 -2.519256861861940422e+00 -4.821981326640390475e-01 1.461203828931908477e-01 0.000000000000000000e+00
4.854546000598799260e+00 1.541255454617229459e+00 4.810300157756965511e+00 -7.135940426901410394e-01 -4.354744523117299454e-02 -1.359127599762154082e-01 0.000000000000000000e+00
4.910768346689472708e+00 9.874582441591689630e+00 -6.497628024021383730e+00 -4.656760804319188374e+00 -7.780243710300366322e-01 5.119520735665160638e-01 0.000000000000000000e+00
2.853115475367913323e+00 4.424409695236011797e-01 -6.119151952913950865e+00 3.172183984421657055e+00 4.575306490803691950e-02 -6.327848815295536999e-01 0.000000000000000000e+00
2.594225278619873176e+00 1.336297272316997109e+01 -1.215060359016247649e+00 -3.649190506697998160e+00 -7.268396069786371427e-01 6.608963530033974687e-02 0.000000000000000000e+00
4.912255700262857516e+00 -2.971315089801498388e+00 -5.350870807833469911e+00 3.154280749842200748e+00 -3.062612711049595426e-01 -5.515283453950282633e-01 0.000000000000000000e+00
4.070921595976951579e+00 7.473570857128732925e+00 1.663780926098031410e+00 4.416802148972857722e+00 8.622519701801123482e-01 1.919562159643826704e-01 0.000000000000000000e+00
1.344475169575174434e+00 3.603129136783958408e+00 -4.281026112678272710e+00 2.366529428877365948e+00 3.047769453890223912e-01 -3.621180402424630795e-01 0.000000000000000000e+00
2.332778091962537825e+00 1.190004447900135709e+01 7.561453283341118770e+00 2.863004327217017586e+00 4.832890934430530416e-01 3.070885918843723750e-01 0.000000000000000000e+00
1.737194513424554998e+00 4.457354898295545986e+00 -2.266830250400642566e+00 -8.081596527001913555e-02 -1.440713549984320822e-02 7.326885858955029494e-03 0.000000000000000000e+00
3.814310635131224814e+00 -4.625495518095675607e+00 1.391386055985789838e+01 1.805689778462405748e+00 -1.139256560500198773e-01 3.426974874948998662e-01 0.000000000000000000e+00
3.601437541983888213e+00 -4.230026588337361559e+00 -6.523709882035789498e+00 4.477694084710041267e+00 -4.872170508654654619e-01 -7.514048961750582345e-01 0.000000000000000000e+00
4.529146026165388861e+00 7.503033515891664784e+00 -7.716223869221656706e+00 -4.941487122825697575e+00 -6.889750280535821281e-01 7.085514872757330274e-01 0.000000000000000000e+00
1.723696783937080479e+00 -1.474004150129791357e+00 1.230810721685407394e+01 4.388498391294621825e+00 -1.043665035438016975e-01 8.714725228909175891e-01 0.000000000000000000e+00
1.599219178311741985e+00 7.700032566238821374e+00 -1.242521099679785479e+01 -1.917575083514600154e+00 -2.020210793794708359e-01 3.259927169784542778e-01 0.000000000000000000e+00
3.451629529203528612e+00 -5.658168347287274358e+00 -1.272969987606609976e+01 3.090437443594992395e+00 -2.510485173550031091e-01 -5.648068569385580329e-01 0.000000000000000000e+00
1.566350332166681181e+00 1.267516172637730643e+00 1.315583774832607489e+01 3.827855112895357070e+00 7.341995139633436529e-02 7.620423225449652893e-01 0.000000000000000000e+00
3.251634454903166382e+00 1.149812578140321229e+01 -9.347113820832205988e+00 1.336459932006942575e+00 2.074059062482460636e-01 -1.686054448935259964e-01 0.000000000000000000e+00
4.561128351750290300e+00 5.983581095753146784e+00 1.267372401416894334e+01 -2.979592369303648347e+00 -2.544180770285158766e-01 -5.388787150831004791e-01 0.000000000000000000e+00
2.263921513246255124e+00 -6.322436103685147302e+00 8.954130946260200341e-01 -3.454792231516779388e+00 6.841315067252761173e-01 -9.688991703862182003e-02 0.000000000000000000e+00
1.967397924879361160e+00 -5.229398869666417315e-01 -8.264415022114127041e+00 4.695193715926214928e+00 -5.930010591576605206e-02 -9.371644779019848714e-01 0.000000000000000000e+00
3.050070742205344132e+00 -1.366042948322339257e+01 3.356266833994305365e+00 -2.908952647963447102e+00 5.649876859733879986e-01 -1.388133099604582921e-01 0.000000000000000000e+00
4.106724243099993288e+00 2.307271031849800202e+00 5.490493326998684864e+00 -2.939850937624913119e+00 -2.277872155774066931e-01 -5.420534344856190456e-01 0.000000000000000000e+00
4.566487683064171854e+00 -7.708952357331566141e+00 1.125122849960810179e+01 -3.429111847511884914e+00 3.876407441523351816e-01 -5.657622963602989552e-01 0.000000000000000000e+00
2.934254507429916892e+00 4.926971635460336785e+00 -9.964152533227724762e-01 -5.162026358363479561e-01 -1.011919027537974552e-01 2.046473226899707398e-02 0.000000000000000000e+00
4.656589650493859089e+00 -2.935076523445586449e+00 -1.045571713267633562e+01 -4.925508098965151405e+00 2.662416434084482475e-01 9.484411360933375779e-01 0.000000000000000000e+00
1.614139153579674968e+00 1.978774999844365556e+00 7.715488990735473784e+00 -4.567227378184679054e+00 -2.269251689121253301e-01 -8.848093606397885447e-01 0.000000000000000000e+00
3.215756690945731133e+00 2.384689132602792583e+00 -5.270530499197683127e+00 2.689433571939238377e+00 2.217306126645257336e-01 -4.900588259815019665e-01 0.000000000000000000e+00
4.943008981104257238e+00 -7.025603799886702028e+00 1.605981942372610161e-01 4.020433035452485981e+00 -8.038766083548994912e-01 1.837580589065564846e-02 0.000000000000000000e+00
3.725137212823950605e+00 -7.960652586474824766e+00 -8.570722069671987242e+00 -4.703064828553927157e+00 6.401328767111719165e-01 6.891898515044447837e-01 0.000000000000000000e+00
4.671624597341299534e+00 -9.718542586756516499e+00 7.618332298773506928e+00 4.414052804219096515e+00 -6.947832223841505783e-01 5.446381920420884093e-01 0.000000000000000000e+00
3.198317192797305974e+00 -2.508433401095723880e+00 4.325347805103644028e+00 2.952537296000398021e-02 -2.962445617957013000e-03 5.108211222897958426e-03 0.000000000000000000e+00
4.299243406780449028e+00 7.387014893968332885e+00 -6.393921331652208107e-02 4.263068712327214627e+00 8.525818054330782658e-01 -7.379626372742603517e-03 0.000000000000000000e+00
1.853550616161555364e+00 -2.668324586524085884e+00 -1.475745895675177088e+01 -1.802109257170695922e-01 6.412872131164719727e-03 3.546708588172219068e-02 0.000000000000000000e+00
4.420251756712826108e+00 5.062464449251888432e+00 -5.105710694432621377e-01 9.347137011207838908e-01 1.859991807241574424e-01 -1.875880839655819088e-02 0.000000000000000000e+00
2.059374055577997353e+00 -8.898959091192352844e+00 -6.154423021026286023e+00 4.932332454527177390e+00 -8.113378080040266616e-01 -5.611123764296281902e-01 0.000000000000000000e+00
4.505517556318605621e+00 -5.457748849557991555e+00 1.547147845927534238e-01 2.094723643322487394e+00 -4.187764993697689064e-01 1.187136265857091991e-02 0.000000000000000000e+00
1.172856413959970645e+00 -6.057201902409074634e+00 5.826948185892983467e+00 4.738753452961136148e+00 -6.830170278432659003e-01 6.570533549067343326e-01 0.000000000000000000e+00
2.302902269292203208e+00 7.402826685647681870e+00 -1.294476295519136144e+01 9.337724101677852273e-01 9.271110483967610894e-02 -1.621168948599397697e-01 0.000000000000000000e+00
1.632517630328679470e+00 1.278683674540236126e+01 -5.739929491779170334e+00 -2.978464155199748831e+00 -5.434498766046884644e-01 2.439511848110989534e-01 0.000000000000000000e+00
1.540912079609164653e+00 6.507974107499427951e+00 -9.413475007872689204e+00 -4.786919539086104791e+00 -5.444407257731253003e-01 7.875076146089036166e-01 0.000000000000000000e+00
1.817898140550712860e+00 -3.615007040112542036e+00 6.470426859046336965e+00 -4.277989359858724860e+00 4.173068042299548086e-01 -7.469288785861479818e-01 0.000000000000000000e+00
1.981518705156749327e+00 -1.124699109011633702e+01 9.792856406904265398e+00 -9.291546364423790560e-01 1.401496400768764972e-01 -1.220295534828213513e-01 0.000000000000000000e+00
1.049430355983436591e+00 -7.003094772790344535e+00 2.196150103339645998e+00 4.233328434763208747e+00 -8.078727141711523618e-01 2.533465278244881880e-01 0.000000000000000000e+00
4.524022062010233824e+00 -6.402684750307234829e+00 7.590966956913001162e+00 -4.999518574904038282e+00 6.446798173399269638e-01 -7.643267444928109056e-01 0.000000000000000000e+00
4.581592424344390402e+00 6.630924295371564803e+00 -3.571442631691374103e+00 -4.348194106394040581e+00 -7.656462998480810800e-01 4.123801923033367789e-01 0.000000000000000000e+00
4.660384217199911028e+00 2.734845200269318877e+00 1.468874831264019498e+01 7.647164914560915516e-01 2.799486988411918967e-02 1.503593686883787639e-01 0.000000000000000000e+00
3.624786347451489199e+00 9.420607971391188329e+00 -2.207281867192516511e+00 4.989474477449941325e+00 9.715821677905552844e-01 -2.276451485895970850e-01 0.000000000000000000e+00
2.575400592091082075e+00 1.402543850533013803e+01 -2.181574499177910464e+00 2.722059622608566265e+00 5.379433227477851132e-01 -8.367392110154749096e-02 0.000000000000000000e+00
3.168557499641199371e+00 3.402925558006436813e+00 5.079365390424006144e+00 -3.146153024741888515e+00 -3.502220450708425359e-01 -5.227577578095785604e-01 0.000000000000000000e+00
3.775035796168899616e+00 -2.263284650348444060e+00 -4.587334088063107274e+00 1.067479460511114642e+00 -9.446246488134230068e-02 -1.914610630730572138e-01 0.000000000000000000e+00
4.730740945455352175e+00 -5.258371353914149005e+00 4.510122349973132994e-01 1.643067735047421873e+00 -3.274114445991189171e-01 2.808218694604552174e-02 0.000000000000000000e+00
4.707670728545618744e+00 -1.999081627886266643e-01 -5.783407063773569057e+00 -2.692482124197708160e+00 1.860245657651540818e-02 5.381750163044425328e-01 0.000000000000000000e+00
1.230849830668842237e+00 1.087597867353052372e+01 -1.521569640567832504e+00 -4.902639705863093056e+00 -9.710708351350999523e-01 1.358546155647049614e-01 0.000000000000000000e+00
3.631964912674922275e+00 1.489635690693109282e+01 -1.516488245085015230e+00 5.155559366801949484e-01 1.025809943445454703e-01 -1.044301456151699309e-02 0.000000000000000000e+00
3.881326097309576006e+00 -2.456208723577849806e+00 1.215907189312139991e+01 4.383780625557109900e+00 -1.736035681578868561e-01 8.593969420723146513e-01 0.000000000000000000e+00
2.807885139835049504e+00 1.138105635442415320e+01 -1.969397366781714176e+00 -4.753619687519451631e+00 -9.368018567465172808e-01 1.621057881112793753e-01 0.000000000000000000e+00
3.380860812971590690e+00 2.924877081309075866e+00 4.153993077939857059e+00 8.931029831003358677e-01 1.028348701822598965e-01 1.460489883960396085e-01 0.000000000000000000e+00
1.277401080943879830e+00 -5.030191799261389818e+00 1.752702847707893863e+00 1.777976519871866223e+00 -3.357949663943285423e-01 1.170032510354249294e-01 0.000000000000000000e+00
3.827465038749163551e+00 3.324082362938655777e+00 4.665973111487096148e+00 -2.599635065148027557e+00 -3.016750457286616616e-01 -4.234575134089575976e-01 0.000000000000000000e+00
1.191645150958991373e+00 5.844929937054122782e+00 -5.635621066054202544e+00 4.632824167176865515e+00 6.670144192149556339e-01 -6.431284126194830586e-01 0.000000000000000000e+00
4.903703287112322506e+00 -1.313334080854561137e+01 -4.874903579262462650e+00 2.988094289994300823e+00 -5.602674875293186529e-01 -2.079630781014904228e-01 0.000000000000000000e+00
1.726221601951809514e+00 9.401657167170492713e+00 -4.049309928077900800e+00 -4.994398701246353767e+00 -9.174062568533472017e-01 3.951284542611185890e-01 0.000000000000000000e+00
4.581313874128650099e+00 -7.878056022670147485e+00 1.276421003185530800e+01 6.103356674108605107e-02 -6.411170661446138203e-03 1.038752817157943820e-02 0.000000000000000000e+00
4.139259998738149093e+00 -8.215029938889614414e+00 7.906756780841523558e+00 -4.799442913660932675e+00 6.915959180895462355e-01 -6.656434310811482069e-01 0.000000000000000000e+00
2.009609732894002576e+00 1.129993606108410553e+01 5.264284032963245430e+00 4.349577808637270060e+00 7.885438413427913185e-01 3.673577205067923290e-01 0.000000000000000000e+00
4.246454695755119246e+00 2.532818681127176674e+00 4.908876610831201859e+00 2.227898368725718559e+00 2.043113181112939103e-01 3.959774374209398262e-01 0.000000000000000000e+00
4.358870359751468193e+00 -1.402210386507633633e+00 4.861336737617180326e+00 7.692220072075692805e-01 -4.263685544930832794e-02 1.478181261290118509e-01 0.000000000000000000e+00
3.900511779326704787e+00 1.359499185773027463e+01 3.841807568606290690e+00 -2.822164179177148569e+00 -5.431616951778467373e-01 -1.534920162769159158e-01 0.000000000000000000e+00
4.706834532545917327e+00 3.590500922021720775e+00 1.428911287946982078e+01 -1.611139334520171884e+00 -7.852678043126636032e-02 -3.125129484751372200e-01 0.000000000000000000e+00
4.359822132681278717e+00 -6.800712960520570505e+00 1.680109873659674236e+00 4.003875446731427701e+00 -7.774027242787016068e-01 1.920566270702589451e-01 0.000000000000000000e+00
1.435853510190227666e+00 -1.526990374777907222e+00 -6.682939769703178712e+00 3.887165682518476828e+00 -1.731733224436237673e-01 -7.579005753578830218e-01 0.000000000000000000e+00
2.620030178584284108e+00 4.046378014737459061e+00 3.027196771663989594e+00 -7.289630027745839236e-01 -1.167390584354662947e-01 -8.733541442144934774e-02 0.000000000000000000e+00
2.543160724862782995e+00 3.569222715752233821e+00 1.220654277116674358e+01 4.196938127565138288e+00 2.355747744463972948e-01 8.056525997655116234e-01 0.000000000000000000e+00
4.086513526379566663e+00 -1.830098901905037101e+00 -7.946544496473640251e+00 4.646971839358721823e+00 -2.085807001489969337e-01 -9.056864703400804295e-01 0.000000000000000000e+00
1.183864178204300011e+00 -7.228195745314879517e+00 1.798381793744243673e+00 4.300015697163498629e+00 -8.345605230321255785e-01 2.076394308180521953e-01 0.000000000000000000e+00
3.073581479216108914e+00 9.438881197823265623e+00 4.872473841602090516e+00 4.961121817271125778e+00 8.816808659049270025e-01 4.551351866525817913e-01 0.000000000000000000e+00
3.122709817977820546e+00 1.380080524558255384e+01 4.730211918689366080e+00 1.985356967968360919e+00 3.756205377376531929e-01 1.287435561109648852e-01 0.000000000000000000e+00
3.121457775761334208e+00 -1.286000264624825462e+01 -3.308558244673356352e+00 -3.774857024370186664e+00 7.311611460589421130e-01 1.881095443385365495e-01 0.000000000000000000e+00
3.085629792656375603e+00 1.027557272107116226e+01 -1.087544503024425424e+01 6.149306251355108888e-01 8.446393049249256713e-02 -8.939480630854004795e-02 0.000000000000000000e+00
3.053566617440694131e+00 1.244388767653071382e+00 -1.078395133521573257e+01 -4.926266503053116530e+00 -1.129415454301319899e-01 9.787585369640362520e-01 0.000000000000000000e+00
1.897781554370061130e+00 9.068675469552031077e-01 8.633077071123105739e+00 4.822771473071368220e+00 1.007678315429463706e-01 9.592762018235266863e-01 0.000000000000000000e+00
3.790852095703923119e+00 2.049061506994675597e+00 4.616888334369821045e+00 -7.134944736772548257e-01 -5.788735180078431047e-02 -1.304301692869082596e-01 0.000000000000000000e+00
2.118974150615894558e+00 -3.312263758382464562e+00 1.452740960702702111e+01 9.938760851993058143e-01 -4.418697863120218949e-02 1.938016971770102903e-01 0.000000000000000000e+00
1.406039820069882929e+00 1.312272777440934846e+01 5.552367606431875657e+00 2.635482802737175945e+00 4.854327721999561751e-01 2.053918396996371187e-01 0.000000000000000000e+00
4.436004086596668117e+00 3.743139086428216356e+00 -4.823914589238458284e+00 -3.136158866148881508e+00 -3.845199061314367173e-01 4.955442857481464625e-01 0.000000000000000000e+00
2.465558872846439709e+00 -5.022027502398564991e+00 7.147563048403308805e+00 -4.837454002059542901e+00 5.562111703603246360e-01 -7.916233844752651461e-01 0.000000000000000000e+00
4.445450093670205938e+00 7.590801822512202257e+00 -1.293701389135657109e+01 -6.683030051834872032e-02 -6.764142306077899902e-03 1.152813695087108112e-02 0.000000000000000000e+00
3.473048242735852220e+00 -8.805573398525464057e+00 5.530207708909798292e+00 -4.984123228777423087e+00 8.441521649093465252e-01 -5.301570492452313266e-01 0.000000000000000000e+00
2.409270766155781729e+00 6.524435733973180440e+00 -1.326122841028375632e+01 1.469031913364927444e+00 1.297028715505555985e-01 -2.636273043729061016e-01 0.000000000000000000e+00
1.263106047859168690e+00 -6.695648923049318135e+00 -8.867848675325154417e+00 4.874840028956367810e+00 -5.874914014106505933e-01 -7.780851274668875162e-01 0.000000000000000000e+00
2.889749449944081228e+00 5.602413615430084093e+00 -3.421374949569635948e+00 -3.632827599337589586e+00 -6.200794945155548854e-01 3.786804393439018868e-01 0.000000000000000000e+00
2.681262987719923885e+00 1.841300243638773093e+00 4.762242921130833473e+00 -1.023206091590895150e+00 -7.379937264570698985e-02 -1.908708485648049069e-01 0.000000000000000000e+00
4.936493358101516016e+00 -4.420722187386150637e+00 3.158421342742158355e+00 2.035506131984250011e+00 -3.312448641463506260e-01 2.366606188415915080e-01 0.000000000000000000e+00
4.665785081833455195e+00 9.693317283730172207e+00 1.426944817098466101e-01 4.990650136928961089e+00 9.980218949348597102e-01 1.469179362072896983e-02 0.000000000000000000e+00
4.596747133688580789e+00 -4.143122035987224727e+00 5.068969868752779107e+00 -3.615944410412185839e+00 4.576714379768427321e-01 -5.599455455915818280e-01 0.000000000000000000e+00
3.959418782615862664e+00 -1.562005755641505900e+00 -9.552221132862305453e+00 4.989691074076186617e+00 -1.610466659973447678e-01 -9.848576810685707450e-01 0.000000000000000000e+00
1.076522707607111773e+00 -4.789159541962488831e+00 -4.680819495673945063e+00 3.753447959280003410e+00 -5.368553196661357552e-01 -5.247106145935110932e-01 0.000000000000000000e+00
1.220323790460527746e+00 -9.543593367174729281e+00 9.176861854123860240e+00 -3.808286243759800183e+00 5.490182508085522661e-01 -5.279211350718235884e-01 0.000000000000000000e+00
3.309777106569350646e+00 3.611669846967108466e+00 9.741334193701325361e+00 4.984820773915144443e+00 3.465779310788293932e-01 9.347840732550792842e-01 0.000000000000000000e+00
