1.284857207339386020e-01 5.289106598051378505e-01 8.854025506637586140e-02 3.524559685651916796e-01 2.010711468480053110e-01 1.115140482556821189e-01 3.069268432804506119e-02
9.318452198769275885e-01 2.125992591246582686e-01 6.141519605707490559e-02 5.782387510442038581e-01 1.464008334113275911e-01 9.193526232521229691e-01 8.542941290963407264e-01
1.274065392094353433e-01 7.497152045244902530e-01 4.301165383725776836e-01 4.484387926187533013e-01 6.098234793435489687e-01 9.223984055009145644e-01 8.258492097602820881e-01
7.169652287217069819e-01 2.545866344139013915e-01 2.312058860919307124e-01 6.762717631146919484e-02 1.593771080770632897e-01 4.228566720695827730e-01 9.173445581306969299e-01
8.016038072992992536e-01 7.374015159078063375e-01 6.147194043932429075e-01 9.137968935699904982e-01 5.281320057776073273e-02 9.560900942940467884e-01 9.392232336449820584e-01
4.986345050160742032e-01 4.877183855096421938e-01 1.122766071930805243e-01 3.565698687477590889e-01 1.924161304329404798e-01 4.705278359724811565e-01 8.771841099320076829e-02
7.177124751549153192e-01 1.866528814220927979e-01 9.899203891748475925e-03 6.865400711587215099e-01 9.124306618197917107e-01 8.120843779523772010e-01 6.200757963443778165e-01
3.807086170795769275e-01 4.167746939366373526e-01 3.302833092084689337e-02 8.757240166702735529e-01 8.713126533997733736e-01 9.107351481924375047e-01 6.144260761189505038e-01
4.589332186451878792e-01 9.654174761438550911e-01 9.519510453502201264e-01 6.364284537160125321e-01 2.772928696915261115e-01 3.777777216563227292e-02 7.543076134501397467e-01
6.941865131054959503e-01 4.458005308399525246e-01 5.808645054734634661e-01 5.666477266793414902e-01 5.940487145892269227e-01 8.323535524431946442e-01 9.701017950737008677e-01
1.729907345857474299e-01 9.262677662836972248e-01 3.395776736686551001e-02 9.700222961893490981e-01 7.863867527148917791e-01 5.158863711709984479e-01 4.533115090358424970e-01
5.273271942055045569e-01 3.085763975744879595e-01 1.235360563848953985e-01 9.257056076563147107e-01 9.365716918369395572e-01 2.078125270089533627e-01 2.887642831576957558e-01
9.200961511943968052e-01 1.901223819733766085e-01 3.819759191972075252e-01 5.760331352005599870e-01 6.667282743020771507e-01 7.200470748885634542e-02 6.006791500840661380e-01
6.439279183391576344e-01 7.288130834441718386e-01 1.009838097648295685e-01 5.661213379658929234e-01 8.365243892843259310e-01 7.496704535578047057e-02 9.880707137565691855e-01
6.211635538251937261e-01 1.014303414527267799e-01 9.898720803383956879e-01 5.253447686667314098e-01 4.970162198632859241e-01 5.858183849616268590e-01 6.488910143799632158e-01
1.351044474762868042e-01 1.060875433205917817e-01 4.828534000889316280e-01 1.551608144396626754e-01 1.025459463172392338e-01 5.480669470244198260e-01 5.716508105561575181e-01
6.796903205808904058e-01 2.381347393678724389e-01 9.013847717821236172e-01 3.259211090418329126e-01 2.797297375774754347e-01 6.384937320637478209e-01 9.979988476749666049e-01
8.653110999829441985e-01 6.556404190283994238e-01 3.560072373219845820e-01 1.544218037097595531e-01 9.515185196591334771e-01 5.554833179326439385e-01 2.185233638434008752e-01
5.718199526561521528e-01 4.827430627967520538e-01 1.575067054096581654e-01 5.119771803507542351e-01 9.799876064446844115e-02 6.026720546033288439e-01 8.880053862728690683e-01
8.084114925437219101e-01 3.395568149922701950e-01 1.139718283360217077e-01 1.868628753422617583e-01 1.597061291058641253e-01 8.922030605119957158e-01 4.449305189942570626e-01
2.269543763397819935e-01 8.752747415850178347e-01 4.219371578674656620e-01 7.564103679173338479e-01 5.117103023156164276e-01 5.984519982112886938e-01 5.208765089062324938e-01
2.880992041118803915e-01 9.449573317526412941e-01 9.746866395968112329e-03 5.193304022930781416e-01 1.584651351135886177e-01 8.354424103550983638e-01 8.332322513536869479e-01
6.803075210033615594e-01 5.956228379666559380e-01 9.451090017167584900e-02 2.318353415141991558e-01 4.399547356403277210e-02 2.005734624430850488e-01 3.616474703335307295e-01
9.108013415957358916e-01 1.816225325309513972e-01 5.801695049629078671e-01 1.373544998092719460e-01 7.471917949864926856e-01 6.220000078813130440e-01 5.283296342217350672e-01
5.907881941279654603e-01 6.352993661784325230e-01 8.279261721217457959e-01 1.348707608396724211e-01 9.524567501318481622e-02 1.612039823658967252e-01 5.569858991434066819e-01
5.212197048991755732e-01 8.486348648026795782e-01 3.259495968872150318e-02 7.505197009826249932e-01 6.143539621228808478e-01 4.304779108095249107e-01 3.004959669099276365e-01
5.467848836660487155e-01 2.192813022811147539e-01 9.153688590618378473e-01 2.919856218372686163e-01 6.152369785216744713e-01 9.258895192242300176e-01 3.829892329923991756e-01
2.941949809942393523e-01 4.182979213306061705e-01 5.639734232032533878e-02 1.799095558156226238e-01 4.867403611392222551e-01 3.155250881882302183e-01 6.696576747659106488e-01
7.223640580142027812e-01 1.269002692207045202e-01 9.003319325830131392e-01 4.449381787189200521e-01 3.896436450816536112e-01 2.867722112575125104e-01 1.565136828960708160e-01
1.861338709073074860e-01 4.204828625229047878e-01 6.051438885938241752e-01 3.389208666053911134e-01 3.379499169232695888e-01 3.169308447834426890e-01 9.833374596347634888e-01
6.984815634164455167e-01 1.872411756917240488e-01 8.518490786200285658e-01 4.513737318988392255e-01 3.146791611078787465e-01 2.127806127749648502e-01 4.965604749544908492e-01
4.414383426994121784e-01 6.558923579364541734e-01 4.521143949877568513e-01 4.232321169441805031e-01 3.071184715477637273e-01 1.053698204342959910e-01 4.065843539020168595e-01
5.796675083550890673e-01 6.581991274091480992e-02 1.337829330628607094e-01 5.543278135041063148e-02 3.196261254977587063e-01 9.289296993567002225e-01 3.091275209551826997e-01
5.655951165144492698e-01 1.528459372679710215e-01 1.112247367473525594e-01 7.952568150215081344e-01 9.331293039650766508e-01 4.029095875998457421e-01 5.661396000577502141e-01
7.869935420311295893e-01 4.492185355305946537e-01 2.013271163273824271e-01 6.895984763317143384e-01 8.785931846644590149e-02 1.219853463666868976e-01 7.927960741530902800e-01
9.348627198934107430e-01 6.804293759384747453e-01 2.770674671476013318e-01 8.965222365133593829e-01 4.021902759289240903e-01 7.349070992715029949e-01 6.849991676555046149e-01
2.424428046507941525e-01 7.324597999978987861e-02 7.522673206435442905e-01 2.257505569041867721e-01 4.820388241951792940e-01 7.033773625221358961e-01 1.473849095271362319e-02
5.487195556494617321e-01 6.372163791122654741e-01 6.441449646310647426e-01 5.750826692037983578e-01 8.942532242446388224e-02 2.970604975479415044e-01 3.123973375834285804e-01
7.366545494170796404e-01 4.494188809254906491e-02 1.402006956750651012e-01 6.526711878961596325e-01 2.424082132690329461e-01 6.301537369060926652e-01 9.210033641076850186e-01
4.816734542498340987e-01 2.278399070663509329e-01 4.762406791849893573e-01 5.658164127308651370e-01 3.610350124760370871e-01 9.756034376461008018e-01 3.131861435639954339e-01
3.109794220696785461e-01 9.851887201266473770e-02 9.195344748369072008e-01 5.372027881908034708e-01 2.889244631915866002e-01 8.499843376823675856e-01 3.889861712947573213e-01
9.240809710583897107e-02 8.863036303490359202e-01 6.371490733564763032e-01 6.301382655809895095e-01 9.938115617388207923e-01 3.741617955798083317e-01 7.552782850105553836e-01
9.284887925968721145e-02 1.290551932885397601e-01 9.959789405969577958e-01 6.767965421139010562e-02 9.391322665776434819e-01 3.581145286347463541e-01 4.550575501111416843e-01
9.195094866766645447e-01 2.991088844998750496e-01 5.001382459156953342e-01 2.504367528598664405e-01 9.690308286729695242e-01 5.013319582075523861e-01 2.911099949702196099e-01
2.110893160145951297e-01 9.107646283954243804e-01 2.450738280209008302e-02 7.196724291420377728e-01 6.317726603156520460e-01 2.213188427787511348e-01 7.798059486746194979e-01
2.435968843365163838e-01 3.539663989356096607e-01 3.821779777386707933e-01 9.507485601124777697e-01 5.610440728641907793e-01 1.468611953116308877e-01 9.857398000674952865e-01
9.599144075158424494e-01 3.573158941437205582e-01 4.738446045106244897e-01 5.315233830376092650e-01 1.893184026750577287e-01 6.920641407889038810e-02 9.304458321791522213e-01
3.682123610343809306e-01 1.365322222992478851e-01 3.861627395575508714e-01 1.863510184322197949e-01 1.628103863705928633e-01 5.876035300313959819e-01 8.963946343984573462e-01
4.330737438368370551e-01 3.084860540100173854e-01 4.205111614422221145e-01 9.272320028986492657e-01 9.130841480928512111e-01 7.552342880513073231e-01 5.406642615991685830e-01
7.055729841006103120e-01 4.259729870679687114e-01 6.039887314825646003e-01 8.721354508560077434e-01 4.044129946989794000e-02 1.909591723440628996e-03 3.266604131944551570e-01
4.927116832408917624e-02 8.164266386126513009e-01 5.768740568076019537e-01 9.581189526119534561e-01 3.021051724402213923e-01 6.191563696521399374e-01 6.148893837513366156e-01
1.209894211349378246e-01 3.853321529642618204e-01 8.995316456171191799e-01 1.215666719700840837e-01 3.095416104073305252e-01 3.778394006406210481e-01 7.030495722019042271e-01
1.546539090299550168e-01 3.432775149247562219e-01 7.119012844007079899e-01 4.225638453102656955e-01 6.215582415884463030e-01 3.618122718776545232e-01 7.722489535168942654e-01
2.782443406306482903e-01 2.845997109145200765e-01 3.808336002636275586e-01 2.413337255106722257e-01 2.539517368438596323e-01 1.133540021997567759e-01 4.611942826300342579e-01
5.585902704972278698e-01 5.269038593909497470e-01 3.922167245155916415e-02 1.641485736382635174e-01 9.032070189923102621e-02 8.220666349199273748e-01 8.324298574456235889e-01
6.173224981639879871e-01 6.021013124752816470e-02 8.740322717234727534e-01 7.826800015258138510e-01 6.621419403547225135e-01 6.884762213236531592e-01 7.276100772147525708e-01
9.788195770764323012e-01 8.644587100061382756e-01 2.410528762747559117e-01 7.680233915879635109e-01 1.879215590779566014e-01 5.599951205263669074e-01 3.034929651247719740e-01
8.431111114222419323e-01 5.587663012185781763e-01 1.166897526757463277e-01 2.789565616489072530e-01 7.422828232891752753e-01 5.648362733220705367e-01 9.474618685226442460e-01
8.105682136942585769e-01 5.500097483285792954e-01 8.182234869559836810e-01 6.322432219783302720e-02 8.085438385685310703e-01 5.486684504910304128e-01 8.638367820867295377e-01
8.849298776840662795e-01 8.320972374542470185e-01 8.418083414497935513e-01 8.350318559306657562e-01 6.283616915007304016e-01 4.087307821204312352e-01 8.660048069595291942e-01
6.671413608000106299e-01 3.449968883077410009e-01 1.368532536899287333e-01 9.979199230564557155e-01 3.357942071587176613e-01 8.130325128508597565e-01 3.533469923695050641e-01
4.595976580315915827e-01 8.750603434273023229e-01 9.288756051223013843e-01 7.182632476785816289e-01 1.550457171714196836e-01 3.882879382824762082e-01 5.116769539914276521e-01
6.927711342992020072e-01 4.173637446770183113e-01 6.200394524075532043e-01 5.208058501834444964e-02 8.608778232901962424e-01 2.910207034240095414e-01 9.538284170315436405e-03
8.276551773937674827e-01 1.373461786930575412e-01 5.480286162034213593e-01 2.439415907221291757e-01 2.690940736781952669e-01 4.521951593709911954e-01 2.122026589888422743e-01
9.734191717771287777e-01 8.623754480049062865e-01 3.203338114606397724e-01 7.987588048860778667e-01 1.544874170971544114e-02 5.338433494883232378e-02 3.892627794722174350e-01
3.722610571710870397e-01 8.589359839022199239e-01 1.156738287105907315e-02 5.812011389038760356e-01 6.051137796388859069e-01 2.971692641704443139e-01 8.534859895198941837e-01
4.974207359275811813e-01 8.613767898337918449e-01 6.445354868223085454e-01 7.704569823887532642e-01 5.041513689157475220e-01 5.691578207046873450e-01 7.379035835237801599e-02
8.830880239365509476e-01 3.073576600900610467e-01 1.049263943838762980e-01 8.459992658314945402e-01 9.639736372841769541e-01 4.575619952102164545e-01 9.249803787209815997e-01
1.492356259914572325e-01 3.375806290708308621e-01 8.253834694121667814e-01 2.846018469785028815e-01 4.925469966637563424e-01 4.400921338514938164e-01 2.411309647099502129e-02
2.976096156952805494e-01 1.857225859035128712e-01 6.171314090019284215e-01 4.146872268208003920e-01 9.697651506485283068e-02 6.817980746299037165e-01 9.704083067482873748e-01
6.592545174320587620e-01 2.541228574026177522e-02 2.265284829301502656e-01 7.258664254281375072e-01 4.503113542622859677e-01 7.261856176089809267e-01 3.051772295155719128e-01
5.454653761533981848e-01 6.210167797910168819e-01 5.226327724507611183e-01 9.840531241407357577e-01 7.134824582788168446e-02 1.448923385791797136e-01 2.959783302356380208e-01
2.442447085155268205e-01 7.944040224062771660e-01 2.438357665275705521e-01 4.267374158385197624e-01 8.766012106809670801e-01 6.492890339796395516e-01 7.566933516014742178e-01
7.975980648642611026e-01 6.041202034912733776e-01 2.467400397484206254e-01 8.796449557617148640e-01 6.973897555973876949e-01 3.624404986856206712e-01 9.358024194892089476e-02
8.688533461244914990e-01 1.895988552355548640e-01 7.418476082098622859e-01 6.653678866749627163e-01 8.635182035223867292e-01 8.464934738102114498e-02 5.890103357724935096e-01
5.266981174526157439e-01 2.093950750492116208e-01 7.067651032292228130e-01 6.927117784518992405e-01 9.279938235718858675e-01 5.549143976298143155e-02 6.020199061056996648e-02
7.601594123964623417e-01 3.315493420124158153e-01 1.293520591150297827e-01 8.250443820885280388e-01 1.189104617453271562e-01 5.753683767297740337e-01 2.591963112735936603e-01
7.195605152705302210e-01 3.874051242253040428e-03 5.300954930334722537e-02 9.633324705153938350e-01 2.472404105178942491e-01 7.366577834550780413e-01 1.825591277001313850e-01
2.367309342571974895e-01 3.531478539432283403e-01 6.081578437766491652e-01 7.389205534330151037e-01 8.410099138615293457e-01 8.828449195246248493e-01 3.554042238425084710e-01
3.737676510480307801e-01 6.979270471920905328e-01 9.224762830481835207e-01 8.146429781684479954e-01 3.328925649917928720e-01 8.519171759240727893e-01 6.363720027831953896e-01
4.900565269633982979e-02 1.613058914697752533e-01 5.039605066266314992e-01 9.897321956385551900e-01 8.182868434837622384e-01 6.866853123162384165e-01 4.553532684739814984e-01
9.964119151049470879e-01 7.762972649874354536e-01 2.134400538394450875e-01 5.339514250354326919e-02 4.994165566879149587e-02 3.013719943745537533e-01 1.502988643146896397e-01
4.615545122038078318e-02 3.912800640694698018e-01 9.515292274877996670e-01 8.952156083616649163e-01 7.121031597479655639e-01 2.572483754711905046e-01 7.409732231859396112e-01
4.663236885502998197e-01 5.797715412362480780e-02 1.377800672226300316e-01 8.613740539666134843e-01 9.765839493912740199e-01 3.497908215720837433e-01 5.115085452742571537e-01
2.798910704528174698e-01 4.170071254697712559e-01 9.332741550072493064e-01 1.242834479067064235e-01 7.161853536876050530e-01 2.296946915105517739e-01 7.495970216175946721e-01
5.126056979992241747e-01 6.038764546092668661e-01 3.674237570382585805e-01 4.501978029421601635e-01 3.326436331952667969e-01 7.248077176860723281e-01 4.617835217639284506e-01
9.470425875177266306e-01 4.012396895068688352e-01 8.522035587588550065e-01 4.171652679947313036e-02 1.674239202145033634e-01 6.959801530973075412e-02 8.518543266409348558e-01
4.971757189434026225e-01 4.019892810365733871e-01 2.039374338360013805e-01 3.963822480289673766e-01 5.805389801229808855e-01 1.360103949064079831e-01 8.944593828976613592e-01
6.576153797770547538e-01 6.656995705874731994e-01 6.375908898599531582e-01 4.010137387795014163e-01 5.999828031556931895e-01 4.487169623841790189e-01 6.178125148953450552e-01
3.654736498259225641e-02 4.353833461475827837e-01 7.346491495481727307e-01 1.536465984476929059e-01 8.676308806462427192e-01 6.915597130771393708e-01 2.637655011900016389e-01
8.724746318477695217e-01 3.966729019659557265e-01 4.543047834266720209e-01 9.829428506158311984e-01 3.356696139356211139e-01 8.789248413107901836e-01 3.253814777825191351e-01
8.308416651430461375e-01 2.547980314789815015e-01 1.130943677912611411e-01 7.694340330466115097e-01 3.937482060307052611e-01 1.724202534835219680e-01 3.984892909568090724e-01
1.997484112963392455e-01 4.340510889538906625e-03 9.510028239971090036e-01 4.880286913703595353e-01 8.522516067542491580e-01 9.869220340565642013e-01 5.693351879320875941e-01
6.458899942603069100e-01 2.173245458691852594e-02 7.804573386766892051e-01 7.717626062614786342e-01 2.939028995170123171e-02 8.499621430353517804e-01 3.942872490938698071e-01
1.761463512058296654e-01 8.811894363845541589e-01 4.333105210343833891e-01 3.974130313849058016e-01 6.400242634914899975e-01 7.083719474638081604e-01 8.635435918410875322e-01
5.560856769686273182e-01 8.441614141442155272e-01 1.842096027625184096e-02 2.000210771683577082e-01 5.601878528340368257e-01 7.722225462042843214e-01 7.085128370407710596e-01
6.237391114166102035e-03 7.788846186374331904e-02 3.713117901039822977e-01 8.431808888392910983e-01 3.566589941257856111e-01 4.757999830516534967e-01 9.802353301692419141e-01
8.233054358802808226e-01 2.550945684929853963e-01 1.482640528550450698e-01 7.957921419543491082e-01 6.115244245117397170e-01 4.762860852962776947e-01 3.529880704624148713e-01
3.124519565352350536e-01 2.146104754373231449e-01 3.031337995762239945e-02 2.294426766897341707e-01 8.048522955098634801e-01 7.158519591649312730e-01 8.154339246766808547e-01
8.676492432618813089e-01 9.071003627023864757e-01 8.090265323238852169e-01 6.255635900441014474e-02 5.130301573338413856e-01 2.785596377780547028e-01 5.165889578159637008e-01
7.298745778644004645e-01 6.374374272577247869e-01 9.661883442935366162e-01 2.568863963372869375e-01 6.275372851426841425e-02 5.661742038703836410e-01 5.817384928267848032e-01
9.829967153114627099e-01 9.007795335447942309e-01 8.095761611232833443e-01 7.716099115602161884e-01 9.640634362370890109e-01 4.945390252548078625e-01 7.162479550861912125e-01
7.388205998384580475e-01 1.629015657135919337e-01 4.360519674565689341e-01 6.758785987726734223e-01 8.346496961178240248e-01 5.734128461457578263e-01 6.700655109755605521e-01
4.104567919292851919e-01 4.461935397223650845e-01 6.863467061482741993e-01 1.298156269510835070e-01 6.454494715989473885e-01 1.736827431825330725e-01 6.896367970953144466e-01
1.208415461574113836e-01 9.036808446351231039e-01 2.825201001132594536e-01 9.465076065147204343e-01 1.372259780675129104e-01 7.257301739721252476e-01 3.297512951246022173e-01
6.376532953762825695e-01 7.470023199565827277e-01 8.224511163327767882e-01 4.922406619475530043e-01 5.180407505831218229e-01 6.219387438016819036e-01 2.457789327834247750e-02
9.355004707947789377e-01 6.433009775453311097e-01 2.989023391919604089e-01 8.888460787892292769e-01 2.717993283882540467e-01 3.468909895311692582e-01 1.350127845566546636e-01
6.207716241377977395e-01 1.132819063440547724e-01 9.364411602401079282e-02 8.742615706525976860e-01 8.341588375775277342e-02 4.777199650596053448e-02 7.919550271306490252e-01
8.853226213442421111e-01 5.156910382452855046e-01 5.022176904698030242e-01 5.093808314045804586e-01 7.979542629462876846e-01 9.557089641599344487e-01 4.075699011319398046e-01
4.890110986818938521e-01 9.845062482662713110e-01 6.160971949770166489e-04 6.004414371766279013e-01 1.970631968991113370e-01 5.476485550835916705e-01 3.152354157889372122e-01
9.456888473268072470e-01 7.606187844203046167e-01 3.242727304649869469e-01 6.515617016146928453e-01 4.959256921197544576e-01 9.499373968608909591e-01 3.122166647358890490e-01
9.422991336561079567e-01 2.927676504248403200e-01 7.168323440952294456e-01 3.784258646179408103e-01 5.757877937883494335e-01 3.798638827828471065e-02 1.785002204619814403e-01
8.475471400287526436e-01 9.274606793909579983e-01 3.451614738680105487e-01 7.788304246758851468e-01 6.343209467503002630e-01 5.080077054853870955e-01 1.402297273937370692e-01
6.667180203059629440e-01 1.147164342281540295e-01 1.217634205507400758e-02 1.012358158916313311e-01 1.315762003047515893e-02 6.474580219173228235e-01 2.345309641603906536e-01
2.748850387963922559e-01 3.259690793335205949e-01 3.610153168953428304e-01 6.644045523966856104e-01 6.859644968964956346e-01 8.312379218488906707e-01 4.044144369494914182e-01
3.897364530741288524e-01 4.038272417326628227e-01 8.821533915493987577e-01 2.007572768814849251e-01 5.645280071582223780e-01 3.490204350524073185e-02 9.669492477708426792e-01
3.472987045532553996e-01 4.178217403961622667e-01 6.765058305067559452e-01 7.960012539365496353e-01 4.232208291480170637e-01 8.542941344791366021e-02 8.127748425657274067e-01
2.997926185814859812e-01 2.744745410798411500e-01 4.983624298262940844e-01 6.200852339758393672e-01 2.926507700772941201e-01 8.551737935282097691e-01 7.801637276528894382e-01
6.588300436133999183e-01 9.290624601573785890e-01 2.177669487919590141e-01 2.694990826202037226e-01 3.511444603799088737e-01 4.982559683061652533e-01 8.867698250494513434e-01
7.247829292221671382e-01 2.642300907312677971e-02 7.957359663288593454e-01 2.869358599200606541e-01 1.604109592599664014e-01 1.248758277534867123e-01 3.170239422653147177e-01
4.256032464609328381e-01 3.852983386466630744e-01 5.011506590355806479e-01 8.200854606901740729e-01 3.944190466366853665e-01 8.442803166830187278e-01 9.212763982986671429e-02
3.598088057722992339e-02 1.912146523713021962e-01 6.397029553163258164e-01 1.524354704264007099e-01 5.344686177337293342e-01 9.165060091669419151e-01 4.633307560463587604e-01
4.005754830995827964e-01 6.457701139215061836e-01 5.404133794038903371e-01 5.203956488669503333e-02 5.774198372702067372e-01 6.278861398194287569e-01 9.106524049814346267e-01
2.268172738674064659e-01 2.427579633412734195e-01 3.152569460505210142e-01 9.551306598001337855e-01 4.333424312725567829e-01 9.257695699168120296e-01 3.850819605041350124e-01
8.389606397234650181e-02 2.460611904930140037e-01 8.103629807484598047e-01 3.801749158921952088e-03 6.260253628133535253e-01 5.761986671418196648e-01 7.110687709256937605e-01
5.424430183016210050e-01 5.622049230876925430e-01 5.383120279295833255e-01 1.476754833154071411e-01 4.951115289988327062e-01 8.191639193960833509e-01 6.563088393604672444e-01
4.019922615490509887e-01 2.316875222068000006e-01 2.298871355129356031e-01 4.260791896386226796e-01 3.565955299298861902e-02 1.768521748105057467e-01 7.834393065258599131e-01
1.648149958672314730e-01 8.024218716202110580e-01 2.102206484740752890e-01 4.501359861526594841e-01 9.692606543196340407e-01 7.746457069141109431e-01 3.007339490830269746e-01
3.445652046922149658e-01 2.164520536101428583e-01 6.799183825197990805e-01 8.716577533982327042e-01 3.185790220367212822e-02 1.023452169505507658e-01 5.805294805252408930e-01
2.932027035579132246e-01 1.980587241474861537e-01 7.413645665619830183e-01 7.967245315528561633e-01 7.361166629866476852e-01 3.459257040544960748e-01 1.753093146043792627e-01
6.405351743556759736e-01 5.427774188139871114e-01 2.689164595410764580e-01 4.922966794013088343e-01 9.641016068849120879e-01 6.019351834960444680e-01 7.260411400961005457e-01
3.628084133687525803e-01 3.649148092241174535e-01 9.603466495549649595e-01 2.091979265378539621e-01 3.825709173374917116e-01 9.086539460644202926e-01 5.820108132678065704e-01
8.452003683610053164e-01 4.242085083582337601e-01 3.202181477250166663e-01 4.090819408167287730e-01 8.464030896752123834e-01 6.903623927544791927e-01 8.689802738300295148e-01
1.189658427784278105e-01 8.267474760761931440e-01 4.872349699148663671e-01 5.626291591393751679e-01 3.011919085011940389e-01 1.687065545210121309e-01 6.809991674879829482e-01
6.567659450642799879e-01 7.072543827976213171e-01 2.061252723900647288e-01 5.245150387251612534e-01 9.570869331596777441e-01 9.489535684065290022e-01 3.074130487808955925e-01
4.195039802104273408e-01 7.687860260626514508e-01 5.990655271628008149e-01 8.312600718047524762e-01 5.384111818091193991e-01 6.215560350001452239e-01 6.495299270272185677e-01
8.497878774830567306e-01 7.944547437073790075e-02 3.425802409742438881e-01 1.186154282856053399e-01 5.956918898598050349e-01 1.766494771416859955e-01 5.857469744412487911e-01
8.372481132310516383e-01 7.824601514604505592e-01 1.705885886797070539e-01 6.310140470190117590e-01 7.286414979922261059e-01 6.319027587483164732e-01 2.756432640627384245e-01
2.869517174671235571e-01 6.788033209988475480e-01 9.301199626695805245e-01 4.803734701253478123e-01 3.750019146838277084e-01 7.728519691114638102e-01 3.123515090658336435e-01
6.852084762655837880e-01 6.763763400703411977e-01 4.274253254385393941e-01 3.395242078163871469e-01 6.162469461253287095e-01 1.560901939420251683e-01 8.944261536916430222e-01
9.509889367601774834e-01 8.782676381944815036e-01 4.971775639928788237e-01 9.153899264717040296e-01 1.570430167870966454e-01 7.440110884021430282e-01 1.879265798224112327e-01
3.354922982752656102e-01 9.409648604768271474e-01 1.379515699804315654e-01 6.032888274384357041e-01 7.867813339813413132e-01 8.361611858179660572e-01 9.931342709603805385e-01
7.257656722226046853e-02 6.116607043160298129e-01 2.313509875783753555e-01 7.919565599548199497e-01 5.509924846090212824e-01 8.670326330320812236e-01 4.548909468392320354e-01
9.522856632800916765e-01 5.845426045742790899e-01 6.241997354171580081e-01 4.765129138543553466e-01 9.483486594226806510e-01 8.404683533640116000e-01 2.150118501726283604e-02
4.353653355273613412e-01 4.540400229135288512e-02 8.054600225298674809e-01 5.041230165097806415e-01 4.261421165532783828e-01 2.564206510139888096e-02 9.284648588847814743e-01
6.332578524992462654e-01 8.798916651775077202e-01 3.585957616785576674e-01 2.763173141671465549e-01 4.318639877934704607e-01 3.528667684367015056e-02 2.029554178621946203e-01
2.507949339612943751e-01 4.665662502480395490e-01 7.311256741410101512e-01 7.872316238557917067e-01 4.144088896081150608e-01 2.073118740871208177e-01 8.550042281816119250e-01
7.963044864298349790e-01 5.200819897254578272e-01 6.097733657224890802e-01 2.190630414531071768e-01 9.565721860154089429e-01 4.899255783892996208e-01 5.593587918420380722e-01
8.875316235176528012e-01 8.598819225300360358e-01 6.219673608424802769e-01 6.996208954251170731e-01 8.779281910883721673e-01 5.029489953635026822e-01 9.027252029488095353e-01
9.355723064052731131e-01 7.661140482085693204e-02 7.884093084213233960e-01 8.181795191930307798e-01 3.061461846329586178e-01 1.579779532571756739e-02 9.513492157171790087e-01
6.486679434434838853e-01 2.844453166736649052e-01 1.586313934325649377e-01 1.359699398942864068e-01 4.948341361895237656e-01 8.219239579303989629e-01 9.775473204415489059e-01
5.502881337044470689e-01 4.575545421492599463e-02 1.126305227180742774e-01 1.831497786351727886e-01 7.385457704757967257e-01 9.547694951653538098e-01 5.378686678214386063e-01
2.100934893907820955e-01 4.273305010573326124e-01 8.786075280560629031e-01 4.067679431339210616e-01 4.353976893372003554e-01 6.856026829560966096e-01 7.647434215571432548e-01
5.574376052886530486e-01 2.636315290484968488e-01 8.019077712102488098e-01 8.075547140608736463e-01 6.824367341408199561e-02 5.960804572605511442e-01 7.907347667260722357e-02
8.976877511700730450e-01 3.682480392905891353e-01 7.576973343284788553e-01 5.627227185195906589e-01 8.490647630318315375e-02 4.901638843138814705e-01 7.973322374665214873e-02
5.191189088655443484e-01 9.103796249036499866e-01 7.341935787242004352e-01 3.853080539644141433e-01 2.752631020000956275e-01 7.305955925808514939e-01 1.146652105647758546e-01
8.051137774539659508e-01 3.552923752955650105e-01 7.728043072267495317e-01 9.543916150287482525e-01 4.020141013173961220e-02 6.596805451135131504e-01 2.676137848671128472e-01
3.019078190127144623e-01 3.380092662237172974e-01 6.687335902356540407e-01 5.190760933881973793e-01 5.574659064678066933e-01 1.094594903215184711e-02 4.536673305937853895e-01
5.326045853619136849e-01 3.970128571445836752e-01 2.133173180248483236e-01 6.700540732324100635e-01 5.160772012667794728e-01 3.672891944745889647e-01 5.361418102006749731e-01
6.460409213583055976e-01 1.841199128237612781e-01 6.135372586789752392e-01 9.571857290828655884e-02 9.276039882932902714e-01 4.187175613095761584e-01 2.746929148865309145e-01
5.329218612003688849e-01 6.229603405680441686e-01 8.242995825354195727e-01 2.504472740168506295e-01 6.702838422279123742e-01 6.305858664364111243e-01 2.379574195538441961e-01
2.430219069731393011e-01 9.331298745193949973e-02 3.676437352272832193e-01 8.079735013741702332e-01 4.580459329677577518e-02 6.406475670301632341e-01 1.195638522165546336e-01
6.687572205594403130e-01 6.552661059767918017e-01 3.154898162545605178e-02 7.884341617833545701e-01 7.827250639632827856e-01 1.171515185895244393e-02 6.938168439958131151e-01
6.233077955382360091e-02 8.574390409787365774e-01 5.099551499648746766e-02 4.673070279132064409e-01 1.242666935321496968e-01 8.517897161536593931e-01 1.605479021393947381e-01
2.867705322937437185e-01 1.962298230052685888e-01 5.929725541046245718e-01 6.449726147471269710e-01 2.590392837033362872e-01 8.540466836175770737e-01 9.920678426516579274e-01
5.629043250860038539e-01 9.942067342312068678e-01 4.825872106242725668e-01 3.835308411819957630e-01 9.793978422816268514e-01 6.049275207868353155e-01 3.770899006371002393e-01
3.697885283424501290e-01 5.989006875295868060e-01 7.258894679254865867e-01 2.639084628306264113e-01 4.219159975488183667e-01 3.972945943819967685e-01 2.466316199718782132e-01
2.738650296731802714e-01 9.228080291392811718e-01 5.816724130441894847e-01 2.609663835759453709e-01 1.620752865917373109e-01 6.647230357579589910e-01 4.196381449314057210e-02
4.803604812009594216e-01 2.573315392911756927e-02 5.647291940368155405e-01 7.075918706018557991e-02 5.908041536006488625e-01 4.549114698141484281e-01 2.915041322123427259e-01
8.051717462530408875e-01 1.563987669107571588e-01 3.532040908456297590e-01 5.019863113204209304e-01 2.226699698809952999e-01 5.763075887296525979e-01 8.778530628955664161e-01
5.883917531600928452e-01 9.089689830408647087e-01 8.770319611277482830e-01 2.878598111011558824e-01 6.694403746445030112e-01 4.242380385404969090e-01 9.689182895636874182e-01
9.008861335126067127e-01 1.113077888112243841e-01 2.626895786754520623e-01 4.590045620260182480e-01 6.538334886620793540e-01 2.457650192613985984e-01 7.580906062097846343e-01
2.914965570104486314e-01 1.352421231739679985e-01 9.924463357578452438e-01 7.021075026178761336e-01 9.562170451388121162e-01 4.223807406555230015e-01 9.670358830371872383e-01
6.570646684197607446e-01 7.414413447508616528e-02 3.084585686787850722e-01 5.891903967914569051e-02 8.910317667984204437e-01 7.972026184168967688e-01 8.284305175674386845e-01
5.638671318185790593e-01 8.607257635157623543e-01 6.979148201088050119e-01 7.986534981968110847e-01 8.489503691587871881e-01 9.656182757509598202e-01 7.857541988300020819e-02
6.770251325186154023e-01 5.765403620135632901e-01 1.065510630055495067e-01 2.170100595526843756e-01 3.830752121962184287e-01 8.044172828896196670e-01 6.304155858141057278e-01
7.011377586349376578e-01 5.351601448832156160e-01 3.742486444442669757e-01 8.531831929703300732e-01 7.958447389042981879e-01 7.374169069736122850e-01 9.102324159269729043e-01
2.782204828718869427e-01 3.838834739505495586e-01 4.353317044815476766e-01 2.794860175133273561e-01 3.676640380787480344e-01 3.961773683678514457e-01 8.206861288621999373e-01
9.159741365445250860e-02 5.202351249644957543e-01 3.179323041053051524e-01 1.069228704116785833e-01 1.759636831944378921e-01 2.563504123943053381e-01 7.132014713594297950e-01
9.935116461978585889e-01 7.700740760540951690e-01 1.884794521476478302e-01 9.962936813906856370e-01 5.168046076157603030e-01 6.390380960324878457e-01 1.544114606596524997e-01
4.876141714288625417e-01 4.248128058877788105e-01 7.677243423229249686e-01 8.813191665842524669e-01 8.099076778081016892e-01 7.975331421282120248e-01 8.921525951653547226e-01
8.178829081558771641e-01 1.577681505052919153e-02 7.972273274645558239e-02 1.880573636203378696e-01 1.007238900185106756e-01 7.620508797795754186e-01 8.613981875574097113e-01
3.778777545756379919e-01 4.745417283951613996e-01 4.620652786299248582e-01 7.178583381938657970e-01 4.329552771623051965e-01 4.492355976181386934e-01 7.055251795557739847e-01
5.960410463009151449e-01 9.333304235782936553e-01 3.747623794630156047e-01 7.256550033599964422e-01 7.951202379059578718e-01 3.082075214615818126e-01 7.572141567607763024e-01
1.450815378775984765e-01 6.849851226702088347e-01 1.716536848356028377e-01 4.572800153230226483e-01 7.147895093462311999e-01 8.040198566593853569e-01 6.903670338779810400e-02
1.610413113275115382e-01 6.221341423011939042e-01 3.035477676246874923e-01 1.717795990280598373e-01 7.399845267675179139e-01 9.774439159202970018e-01 4.452848250733631996e-02
8.949401015771979440e-01 8.514073428695170254e-01 8.872184617298807252e-01 2.519680059445777998e-01 6.385052951442232727e-01 6.052985241835846519e-01 6.855226554252291660e-02
4.637646989314998525e-01 8.496461627739338995e-01 2.539834833111898060e-01 5.703058087046849467e-01 4.834157885871707139e-01 9.592413459292463696e-01 2.730073391046793363e-01
9.688072827552454136e-01 1.271186112140607616e-01 5.118294939180667580e-01 7.794611207163517630e-01 4.314745604207907981e-01 3.556561098590060865e-01 8.153118233765317413e-01
5.254564998673449949e-01 9.744571001990742776e-02 4.036302288029719465e-01 1.601654387558265613e-01 3.035537244779930033e-01 2.184457690318342138e-01 5.979696177995454942e-01
2.812016275215182270e-01 6.094317259308016377e-01 9.236333479544267533e-02 8.986707382505632058e-01 2.518818032326144429e-01 3.660946023282942718e-01 3.460888344452420773e-01
1.752015357711411703e-01 9.924999566524169703e-01 6.442380912644617430e-01 9.397503954289209149e-01 8.342929848717909325e-01 8.449715530529133822e-01 8.395405666872586270e-01
6.177185250698412622e-01 7.243127353059282125e-01 5.806769170746162168e-02 5.166570215186747639e-01 1.862591726393408864e-01 8.093007670961137601e-01 4.994698724947698176e-01
7.656806236518355346e-01 4.077311775389789172e-01 3.412514407753285406e-01 3.147908856004153488e-01 3.196151500825661351e-01 9.214064557351978602e-01 2.721719203292394251e-01
4.055678695609420403e-01 9.322409331049987813e-01 1.960096676892302270e-01 4.309523462232656144e-02 6.374716375655931078e-01 4.891555524327910742e-01 7.521691254156411821e-01
4.768902639750932648e-01 1.870823760071571584e-02 8.595599744209154736e-01 7.606742521143825542e-01 1.489119862046434095e-01 1.556346044403073003e-01 7.371796770885996608e-02
9.182120948149842254e-01 6.006311693731518631e-01 5.506904527429068441e-01 7.522172809688294493e-01 1.007115258573408889e-01 2.595112060494265682e-01 4.446593194499731672e-01
8.543194594507451667e-01 3.217188031021277483e-01 6.534344878210414098e-01 1.178537850220799932e-01 8.107137207894442588e-01 8.523673888024875245e-01 9.477843546470565705e-02
9.068663415611531997e-01 2.402958831412405072e-01 8.945892357757214697e-01 1.525971277232669454e-01 3.944594197183722839e-01 7.770278266478251039e-01 8.385810600768004441e-01
4.395766930611255674e-01 8.864834489059663092e-01 1.823253015675427857e-01 8.501005179990306360e-02 1.259678208685656164e-01 2.814525113285376579e-01 7.060743227255422694e-01
4.742838394981083727e-01 1.242040807571538341e-01 6.026779670223125773e-01 1.918147310163212937e-01 3.383004430256040251e-01 3.654118647406850995e-01 3.346784409871328414e-02
7.340737046541356836e-01 5.492696961470394657e-01 8.067187459776659075e-01 7.091465673312039586e-01 4.110803821075935671e-01 2.029980477659486526e-01 9.680307830228074284e-02
6.146067909093122505e-02 4.345604488674277288e-01 5.533591767465473321e-02 7.174786305747564708e-01 4.300973125685713105e-01 6.714491954864237888e-01 8.688754302012235975e-01
1.032101966053297071e-01 9.233108118175435974e-01 3.337422900860814723e-01 4.406776615875227510e-01 4.451935987367023895e-01 2.427185411358229183e-01 2.961268920362221113e-01
6.991740341707242123e-01 2.327178210343466835e-01 6.726917585186334980e-01 2.837676200802949911e-01 1.007275712065015538e-01 4.596062972299578275e-01 9.266277130104826343e-01
5.205846560083418062e-01 2.637304229562265068e-02 7.813903578928016458e-01 6.962933457619138178e-01 1.368019845603685170e-02 6.953717360714971596e-01 1.634949358727425528e-01
9.457274794806297402e-01 9.169849962427101264e-01 4.331026675494988876e-01 4.209595942809071234e-01 9.411482652189920861e-01 3.330086955039129881e-01 3.687359393197486845e-02
5.203821083054354091e-01 6.421097699944063875e-01 8.025260986732781765e-01 1.141779289662461228e-01 3.342772799176385590e-02 6.146468882050918348e-01 6.892561380757303846e-01
2.568432021225643958e-01 1.898898199347690552e-01 6.722704075109918742e-01 3.410653994459619254e-01 1.290834187806783051e-01 1.118689191291162288e-01 8.727717252689567440e-01
5.988642832989702347e-01 6.402082251587903894e-01 1.617298003123439631e-01 9.992654983468315377e-01 4.692957636360881590e-01 1.383555726779909234e-01 5.759080552212095805e-01
5.821994406707574621e-01 5.657818415716593385e-01 2.136184019582424432e-01 7.033244951761632446e-01 3.464416364589134600e-01 8.635012525531446936e-01 7.655146673926995771e-01
7.172854702014677120e-01 7.290891799503992354e-01 3.827717801719213719e-01 1.640607857408121761e-01 4.084599865043384570e-01 7.729454564276682094e-01 9.212897783256418505e-01
4.191520936898338601e-01 6.538709398311000065e-01 6.767095590074923006e-01 4.574675568719722696e-01 1.465096567569489361e-01 8.163158830844189362e-01 6.520501241573208873e-01
7.087219056103049031e-01 6.599244052889501333e-01 4.009529508268122600e-01 5.088882800579458410e-01 6.591953264988723582e-01 7.734462585877110996e-02 4.157363678474902402e-01
3.532661529152121282e-01 1.203172415071083190e-01 9.698862997576456202e-01 3.281301972138335188e-01 7.842642736933862491e-01 5.068996230072575493e-01 9.875448297792897012e-01
4.092843914051604859e-01 5.702562133794193411e-01 6.364363598812904366e-01 5.091705310213567870e-02 1.165669770695432206e-02 1.347073549504567147e-01 2.468136521971864283e-01
4.735880903130751385e-01 3.684052788740875828e-01 8.901206725867116809e-02 5.185116772891059655e-01 5.160020574183526998e-01 5.427866235321686661e-01 8.623749959659009479e-01
4.432344546496685966e-01 7.737724017730768233e-01 6.459061152556823115e-01 9.489345399185558083e-01 8.820855933900064727e-01 7.598562419505449084e-01 2.770122237433133572e-01
2.157870754649597878e-01 9.976607091772377034e-01 1.004089145235099734e-01 9.893574730321396116e-01 9.622655257247095806e-01 1.849971178944423977e-01 2.365598339729597654e-01
6.673782022734887631e-01 6.639261094303651189e-01 8.891893838609254974e-01 9.138942739547656346e-01 8.229774750489513568e-01 5.021428509792902339e-01 4.778535882096133225e-01
3.095815361397116217e-01 1.981425892077289808e-01 3.452417633759322646e-01 1.999337232541666953e-01 9.361327305810578370e-01 6.530783587343659269e-01 5.720158029156576784e-01
9.916225288835501805e-01 6.940893598296965505e-01 1.177614038846596101e-01 3.754213663091173769e-01 1.323971800072888394e-01 2.425099107764330242e-01 9.307244967991331608e-01
8.132280137361693750e-01 1.387511004529781156e-01 6.800655555312729028e-03 9.171285898004827297e-01 8.133240817285335433e-01 7.829576852071590265e-01 1.640633511887379381e-01
1.471744888982414734e-01 7.011203981811539032e-01 5.715986224853689679e-01 4.290374081977033072e-01 2.482800742327151422e-02 4.169926586454562045e-01 2.872533156901663220e-01
1.639544812396728224e-01 6.182724055389288154e-02 5.308943795698564116e-01 7.477925701159979788e-01 5.514468302080697271e-01 9.355390448002118831e-01 6.861240463834332726e-01
5.682927361525902388e-01 6.552426618136960590e-01 4.682619810599712995e-01 9.109775050661257367e-01 9.397213057603293063e-02 4.826991388411597805e-01 4.530044839278060120e-01
2.587836492251635034e-01 2.242770377080062216e-01 6.297620162364762075e-01 1.955417892675236358e-01 9.789864257204992093e-01 7.837606164819193033e-01 4.618948797120937533e-01
7.802234095036739703e-01 7.616760041171808382e-01 7.213053709404368963e-01 8.979165942471778461e-02 3.643500471619145475e-01 7.872802492088222248e-01 1.293170831694052669e-01
6.199650445621176509e-01 6.800103962781046674e-01 9.585723603215566824e-01 9.116766255453425671e-01 5.353734183749883080e-01 6.070968678309158761e-01 6.296202846149213661e-01
4.340577854970960603e-01 3.899318095479303858e-01 3.288561255429306440e-01 9.825218700357351009e-01 6.524193157433785251e-01 7.743654455731282527e-01 3.256713092361240847e-02
9.322557055197555620e-01 3.396009457743739413e-01 2.990959891591982167e-01 2.351726150114030744e-03 4.759845983683386184e-02 8.079517379289439249e-01 7.603101317379190593e-01
8.211502768121449192e-01 7.036778608134701685e-01 7.143445450663079566e-01 8.041011872374702607e-01 3.614161488375954301e-01 6.081242678354932263e-01 9.923851251957763742e-01
1.166544268978583210e-01 8.968788525485943408e-01 9.833589182176076804e-01 8.419668110109411741e-01 3.480031009541261211e-01 2.999314742192623617e-01 9.145794697196297784e-01
6.198756058273654501e-01 9.866084162221677722e-02 7.210700055931956731e-01 5.371325654527788762e-01 6.122889860657376726e-02 6.066323156985082843e-01 5.553597260340309427e-01
9.063453249710666793e-01 6.034763117962610446e-01 1.501908012604318277e-01 7.066993493943296567e-01 9.003349774367866987e-01 6.352001842770207407e-01 9.175004803154823696e-01
6.920884665728614937e-01 2.647444423517835155e-01 4.134884026034295612e-01 9.326305166194538421e-01 7.762821002693749417e-01 2.967971219649317982e-01 9.317136259729412728e-01
8.820950775529208254e-01 5.347667936548891054e-01 6.647352793498272350e-01 5.540148720447644060e-01 6.069753141398295249e-01 5.848991307820009533e-01 9.962596158488051801e-01
5.773156193812803982e-01 4.994101916256430407e-01 8.464611709892633229e-01 9.545001777224029205e-01 5.691935738483472340e-01 6.602693616350672201e-01 7.187991007363947471e-01
6.784214636716151547e-01 9.852029054516643347e-01 4.595009185723724077e-01 3.515670786168698658e-01 9.238980995583478961e-02 1.839912626779997007e-01 4.381214659081332785e-01
7.527401694663707898e-01 5.458743231190251732e-01 6.410290145104127202e-01 5.979598572384753341e-01 3.860701964045131218e-01 2.958264058267947583e-01 3.516181676913873178e-01
9.052498881879192938e-01 4.949474450055246777e-01 5.833253057355025639e-02 2.097783504950256894e-01 5.700326198353654616e-01 3.642642117257350876e-01 6.211894719629430517e-01
9.220456642075447462e-02 4.305960151178234163e-01 3.704491564958458660e-01 5.987858806855617111e-02 3.746697321208425357e-01 6.229672601081122085e-01 2.648993339056746610e-01
8.722075678149818767e-01 9.929308647648863451e-01 5.613901836267769507e-01 7.730063892779800439e-01 8.961438945630295638e-02 6.204299432943937154e-01 5.841806756441536574e-01
7.751235551113921929e-02 5.155297865952800374e-01 9.402863240451725391e-01 3.149493906219300587e-01 2.824344949579671304e-02 8.144554518697497691e-01 4.639201496004100589e-01
4.401091615539897139e-01 1.978393355030673151e-01 1.579103212491580477e-01 8.587572625805727222e-01 2.371195817879825363e-01 4.298422222945480486e-01 9.269839003831624735e-01
8.577755697994786654e-01 5.957427795910577029e-01 7.495101975684348439e-01 6.603667234937188324e-01 8.493684419869002022e-01 9.682592315176790088e-01 1.600526260157993930e-01
8.565203249448850586e-01 7.480091226324978582e-01 8.011475245149368707e-01 5.391284268941196611e-01 1.817860041445564789e-01 8.822997264719651955e-01 6.472677185487021312e-01
4.141015867744457513e-01 1.720910613640775910e-01 9.914750368466044295e-01 3.222916081019944201e-01 2.316607880858424506e-01 3.626431019190885507e-01 2.546781183000378368e-01
6.539483736472337938e-01 9.071238026692010070e-01 6.213538938853380156e-02 2.441384190828282952e-01 9.780191319116616766e-01 8.167497459247710090e-01 8.870107188883012972e-01
6.171375006869650459e-02 7.439056904421745831e-01 7.718444542776433659e-01 8.473685266564757734e-01 8.164294197706803979e-01 9.319387001093104583e-01 5.676299231546977353e-02
8.175541582412727548e-01 2.598474525264360402e-01 5.074594711145011816e-01 3.935437393017066077e-01 5.838442963848287093e-01 7.122357897616987676e-01 7.544445509442021525e-02
2.196740956494884767e-01 6.324560579878613087e-02 3.376964417657178918e-01 4.911139244942375193e-02 2.004250501037265764e-01 5.093811343607100861e-01 8.236236962395004912e-01
6.935693988506219654e-02 1.747757907870274297e-01 7.425289253832687564e-01 8.218273392551146417e-01 2.039608415754787796e-01 6.597613861444496797e-01 8.488520153356288178e-01
8.061645322358229615e-01 7.288194206861728919e-01 2.478385804729996700e-01 1.035409019121412699e-01 2.386343506105991219e-01 8.496213153184386524e-01 9.381928090926531238e-01
8.384013764283527737e-01 3.667242195192458309e-01 1.968376723942433237e-02 6.367185180213896789e-01 5.977274164242577514e-01 7.654074248182203277e-01 8.756806941720586268e-01
7.036103064000679419e-01 5.568125716364836775e-01 3.951578120654164472e-02 9.242238542557672520e-01 2.106618839604654791e-01 1.032466639627105387e-02 7.228672486158065347e-01
2.490333611466918340e-01 6.476553698984376384e-01 3.488716840217518378e-01 3.258863178083027945e-01 2.443779055541841494e-01 2.640927379133579667e-01 1.988978351963666125e-02
4.477582822765965309e-01 3.272209622468635892e-01 8.759278917192628855e-01 9.928770332494564199e-01 3.757652536451555614e-01 7.186694441014366275e-01 5.035072660212517315e-01
8.934103027195174906e-01 3.845375784002349473e-01 2.562855880942569442e-01 5.017487426434277253e-01 5.079874686678509388e-01 7.705023600333852363e-01 7.126924405681016594e-01
6.087516989212693463e-01 8.005535193506126967e-01 5.929884941884578931e-01 5.287284520779570451e-01 5.846735885181549852e-01 2.434768337882984302e-01 2.739959371165417990e-01
7.347676738429831378e-01 5.761161141538148067e-01 6.966500647748929964e-01 5.444684749168209326e-01 6.482027760299375885e-01 5.779721111617892593e-01 4.578482098962604052e-01
8.454103753835504609e-01 3.253517907391821895e-01 5.991276016846976971e-01 3.249690547051832246e-01 7.487984132226913614e-01 7.004741228815396514e-01 9.695113793176134420e-01
7.172491900273517684e-01 2.936421823644591589e-01 1.557886363813745234e-01 7.624784405784951202e-01 4.290540812785439417e-01 2.460603710286038970e-01 8.716199596180287390e-01
4.957505958099479582e-01 3.428000891293688790e-01 5.037614892148034595e-01 6.640751844562237105e-01 3.906393750165023659e-01 8.705313109753863854e-01 2.647029177419080170e-02
1.939457419796428717e-01 1.420653642826034124e-01 3.376645505234396882e-01 9.951644873814181613e-01 5.749045534539665159e-02 4.129915358403319914e-01 4.880022338133367388e-01
1.037341422249656864e-01 3.541881103385676743e-01 8.210991256693969120e-01 2.570767253961422361e-01 3.808023311600829963e-01 8.221559468189623132e-01 6.451403278904109806e-01
5.682157880021749818e-01 8.533077159287925095e-01 3.370378929939463752e-01 1.472445218631965869e-01 6.049688384535711894e-01 6.151386951247796997e-01 8.169423759730327639e-01
7.738136577726331122e-01 7.198931789452740482e-01 6.418965562945838643e-01 4.576920857109991747e-01 5.009210991902228738e-01 4.869019663537221820e-02 2.246050126230181299e-01
4.576302791758590782e-02 3.135012585672580787e-01 5.583690424784456541e-01 1.343858104198377701e-01 5.081356746588910900e-01 4.759089680364553265e-01 3.623374297582493408e-01
9.300448042857946129e-01 5.384807283572756731e-01 5.460420799070037079e-01 4.703833827393526512e-01 2.539341027484468549e-01 5.133118245657477541e-01 3.083798063698950376e-02
2.383330377483562357e-01 3.439817871307910835e-01 3.215822701000256023e-01 6.223523867542436472e-01 7.375887844846332753e-01 7.307789690030173091e-01 4.107270290454492212e-01
1.051287090046155726e-01 2.448568513778176525e-01 2.481742784748673936e-01 9.910953453862029194e-01 9.089151688818501995e-01 5.991085915124447769e-01 5.483501523049587600e-01
6.115467603938375962e-01 7.296346504190471816e-01 3.973827831535030608e-01 3.263611643473588453e-01 6.363096877484980540e-01 1.725007974075442041e-01 7.543072298767824480e-01
7.122298918623231057e-01 4.172998677839279136e-01 6.698806907879854000e-01 2.489761361005963236e-01 3.462798147384736902e-01 8.199108018528187269e-01 3.481090137749622837e-01
2.269607801865318741e-01 6.256349728863892512e-01 5.386049142171634996e-01 3.441961385759598757e-01 6.143277473820417667e-01 6.743452942025547348e-01 9.833930203932162994e-01
2.613949886220621188e-01 7.933093296823595653e-01 5.523182512979076808e-01 8.954707852799418388e-01 5.240990506515271763e-01 5.658452726874969585e-01 2.963178996515801744e-01
1.514701284387253155e-01 2.938504428147525882e-02 8.947227466370809568e-01 1.387673852822822740e-01 8.392216149765263644e-01 7.888909487953897903e-01 2.411845691551046666e-01
3.605340214868095750e-01 7.216448317158080661e-01 6.552022849025214146e-01 3.183669206601951185e-01 9.527372989171178919e-01 4.406640078376471426e-01 5.144441159345701786e-01
6.412152256566643338e-01 5.906388683312223664e-01 6.221745568991937647e-01 6.219226681470545470e-01 9.925688845756188705e-01 5.106700674609907509e-01 9.549094558663275834e-01
5.873764763740603190e-01 8.793191740987369442e-01 3.188013580582629292e-01 5.039084860756450901e-01 7.810950354747518976e-01 4.099988681978057325e-01 5.984498290584239211e-01
3.539812698279158898e-01 1.163399486719831621e-01 9.138200905844844346e-01 7.807115101778862032e-01 8.852668197776022430e-01 7.181913317204038361e-01 2.526636097939092274e-01
7.313394752184884107e-01 9.633846566037580494e-01 1.632727503488343723e-01 3.618203021751700277e-01 6.622571373631066516e-01 3.522716611757004124e-02 1.513711426935068216e-01
6.717629588138116503e-01 4.889209983460440778e-01 7.581665889896830324e-01 2.717188928017236771e-01 7.874863065243373761e-01 8.741354840154188510e-01 2.547688230033976486e-01
4.123872429867546652e-01 5.615127959384075274e-01 5.504806525191918709e-02 2.109684164141306661e-01 7.381170795594004241e-01 3.543750502990313800e-01 5.694799956511645833e-01
8.493487130834631582e-02 7.865494165832342954e-02 5.212750259797577224e-01 6.656426607298782105e-02 9.682417795698718965e-01 3.061939509108985158e-01 7.548877175479963286e-01
2.275303862658236698e-01 3.299727920502292244e-01 6.527309146413066143e-01 4.554250808483351065e-02 8.336738791826641126e-01 5.321075344042895949e-01 6.984141384729037894e-01
1.460383662460927878e-01 7.205533377960238184e-02 4.498442264622115605e-02 4.700148075509271717e-01 1.021972754778188719e-02 4.337046914412157061e-02 7.872503342742149801e-01
9.867277416179935923e-01 2.080422190910372615e-01 5.676711188136095432e-01 7.550694375556814553e-01 7.036760766321183969e-01 1.283509085613110390e-02 5.904464085334633072e-01
7.838299208064321011e-01 7.241399908320018675e-01 6.353259987275058362e-01 8.674063127823927744e-02 8.943362574606448234e-01 5.519458688538563251e-01 9.967495329645426061e-02
6.353690204629371951e-01 3.006975702014214047e-02 7.217455404247087314e-01 9.733049375369966505e-01 1.470669438731181389e-01 1.278003208159719239e-01 7.533757963127639679e-01
2.081894172471240312e-01 6.147471258269062711e-01 4.629278034576025380e-01 6.623722198732316935e-01 5.429472666955317273e-01 5.646613256692136762e-01 8.710982156363868967e-01
5.599106101705397798e-01 5.861194476850131174e-01 6.192665145735406496e-01 8.398106631661323984e-01 4.997040481424489533e-01 4.245363121934528916e-01 7.739187467872941095e-01
4.954178498737878966e-01 4.228809214401118011e-01 8.249318680201179754e-01 1.316125912859710256e-01 4.969137576180566729e-01 1.676503113154970137e-02 4.563683439229756500e-01
1.170263370772647304e-01 7.870938281574026973e-01 1.950103703582090064e-01 8.496396781267755438e-01 3.384531227025350253e-01 9.314739287976442350e-01 7.106597212335882263e-01
4.915155303578322421e-02 9.225658180658845575e-01 3.645569570870433873e-01 7.745739167301660677e-01 3.735583733718957911e-01 6.784730121123483393e-02 2.569935697020543364e-01
6.317763934578802809e-01 5.033584994002944235e-01 2.595200907223595976e-01 6.644805486217979507e-01 4.437514470466730199e-01 6.237077591760259443e-01 6.725461109193021647e-01
8.031453695843659979e-01 4.554294875984226110e-01 4.673098834890712094e-01 9.648649500178015925e-01 6.386170523263374754e-01 7.819338468254636298e-01 8.210306697405662657e-01
8.790873833162092810e-01 6.640858247654356505e-01 9.455367674445475101e-01 1.272712369442332569e-01 5.099297456567221110e-01 5.077822851551071492e-01 7.904670733798317972e-01
8.803432090167845336e-01 1.125110581414279221e-02 5.043131912016235452e-01 3.286139791752061834e-01 4.570061010164619963e-01 6.662474841743685205e-01 4.515336502221860560e-01
9.088988962794852799e-02 4.871765297800159100e-01 1.327501910581941891e-01 5.895562128185982687e-01 2.765792627484331412e-02 4.244193248121930218e-01 1.707151942539982814e-01
