4.317978 2.867103 4.471494 -0.647725 0.330945 3.710720 0.000000
2.240546 0.184251 4.141488 0.348744 0.440879 14.637757 0.000000
3.764085 2.651852 5.268312 0.000778 0.338388 3.858382 0.000000
1.475521 2.036123 1.649710 0.318889 0.687144 4.403296 0.000000
1.097283 4.600266 1.203719 -0.387459 0.385088 2.929465 0.000000
3.434573 0.488118 4.383740 0.596628 0.245914 8.993269 0.000000
2.462998 0.044449 2.977625 0.828022 0.720962 29.802088 0.000000
1.189162 4.294283 3.062648 0.451083 0.064463 3.032037 0.000000
1.369628 0.567833 4.776469 -0.951903 0.342894 8.338149 0.000000
3.745478 4.940607 5.757001 -0.014975 0.228770 2.826765 0.000000
2.382901 1.708426 4.603012 0.833543 0.996122 4.807085 0.000000
3.522206 4.731249 2.888688 0.795526 0.662201 2.888630 0.000000
2.050254 2.466829 5.103366 0.189755 0.058410 4.000464 0.000000
4.816403 1.699438 5.013609 -0.820596 0.038214 4.819780 0.000000
3.849831 3.788815 5.586491 0.201578 0.308995 3.227960 0.000000
3.040004 2.066357 2.341439 -0.610843 0.074829 4.370964 0.000000
4.331209 3.696344 6.168739 0.576354 0.846759 3.268087 0.000000
2.270741 1.600679 3.629305 0.705614 0.503212 4.966240 0.000000
3.636310 3.755091 1.722205 -0.680869 0.222000 3.242423 0.000000
2.829599 1.119454 4.412284 -0.782065 0.090574 5.938499 0.000000
4.984608 4.230235 4.739758 0.004351 0.787500 3.054904 0.000000
4.054685 1.392171 1.635970 0.788136 0.048106 5.325170 0.000000
4.612173 1.727148 5.675809 -0.590335 0.752839 4.780960 0.000000
2.148954 0.335903 1.689338 0.091472 0.381792 10.841086 0.000000
4.007304 3.914464 6.052945 -0.842690 0.400934 3.175731 0.000000
4.003610 0.216112 0.925365 0.522174 0.308396 13.515761 0.000000
2.860027 0.677561 0.782178 0.805616 0.866022 7.633181 0.000000
1.963334 3.352149 2.926661 0.115305 0.871894 3.431770 0.000000
3.466473 0.749734 4.708754 0.432239 0.297883 7.256486 0.000000
4.518777 4.666092 5.295144 0.762039 0.763495 2.908729 0.000000
4.114196 2.719816 6.277178 0.448911 0.370972 3.809870 0.000000
2.310661 1.790229 5.461451 0.174242 0.785644 4.695972 0.000000
2.379201 0.638029 3.112282 0.009763 0.181986 7.866104 0.000000
4.687663 2.716582 2.003097 -0.415221 0.381768 3.812137 0.000000
1.522497 0.496478 6.019147 -0.691680 0.959697 8.917230 0.000000
4.859217 0.610514 1.662799 -0.959401 0.980197 8.041404 0.000000
1.878693 3.070318 0.739223 0.482245 0.900105 3.585818 0.000000
1.346540 3.069629 1.428836 -0.812019 0.962038 3.586220 0.000000
1.349836 3.401282 1.856129 0.464962 0.341552 3.406893 0.000000
4.874341 3.690789 2.396204 0.536808 0.637629 3.270546 0.000000
3.768013 1.110936 3.170343 -0.683185 0.458324 5.961223 0.000000
1.769287 2.791150 4.617327 -0.982575 0.409787 3.760870 0.000000
4.995206 2.308772 2.749507 -0.515556 0.178733 4.135131 0.000000
4.732569 1.657279 0.763304 0.304712 0.816416 4.880699 0.000000
2.713929 3.015108 1.170555 -0.712178 0.094359 3.618499 0.000000
3.488248 2.131625 2.239215 -0.694669 0.647390 4.303526 0.000000
3.692317 0.865115 3.161673 0.691372 0.429280 6.755274 0.000000
4.943824 1.738754 3.852092 -0.289347 0.779743 4.764976 0.000000
4.769205 4.353868 5.750982 0.054298 0.600240 3.011218 0.000000
1.617678 2.098485 0.659202 -0.313507 0.401102 4.337375 0.000000
3.953748 2.108226 4.468793 0.409751 0.250110 4.327343 0.000000
1.322171 1.434883 5.872821 0.902757 0.898688 5.245315 0.000000
4.807266 2.979268 3.212077 -0.491688 0.544212 3.640199 0.000000
3.425372 3.386239 5.112573 0.366363 0.057699 3.414452 0.000000
2.809580 3.784348 0.002089 -0.899907 0.750507 3.229865 0.000000
3.261719 0.173541 3.553407 -0.034034 0.719116 15.082685 0.000000
1.090385 4.496435 1.016187 0.190071 0.480879 2.963096 0.000000
2.475051 1.862263 1.404098 0.536994 0.644445 4.604255 0.000000
4.290405 4.207072 5.426603 0.939855 0.643257 3.063303 0.000000
2.692375 3.136399 5.184107 -0.044025 0.022084 3.547841 0.000000
4.849688 4.723162 3.127967 0.192159 0.339249 2.891102 0.000000
2.689974 2.726254 4.671992 0.175466 0.152663 3.805368 0.000000
2.488953 0.504948 5.268153 -0.461505 0.756936 8.842125 0.000000
3.264643 3.482466 5.413183 -0.023190 0.228286 3.366948 0.000000
1.228583 2.495070 6.213968 -0.870535 0.625431 3.977760 0.000000
2.648431 4.932046 3.418230 -0.659937 0.397590 2.829217 0.000000
2.028780 1.998155 5.679205 0.105930 0.232731 4.444933 0.000000
3.907985 2.472977 5.931544 -0.287343 0.840133 3.995488 0.000000
2.288729 0.075110 2.302669 0.729896 0.144683 22.926183 0.000000
1.851836 4.118597 2.412947 -0.351031 0.893475 3.096030 0.000000
3.780279 1.083695 0.718407 -0.645618 0.641559 6.035682 0.000000
3.145363 3.911894 1.229709 0.218022 0.004094 3.176774 0.000000
2.476184 4.751804 1.808476 0.136069 0.021999 2.882376 0.000000
3.301778 0.857383 6.012542 0.239323 0.836810 6.785667 0.000000
2.645036 1.630926 3.879024 0.780918 0.230893 4.919974 0.000000
2.834900 1.435126 4.335702 0.906917 0.326801 5.244871 0.000000
4.569158 1.804363 5.611560 0.659174 0.659888 4.677544 0.000000
2.832547 3.705482 3.903244 0.795306 0.712510 3.264055 0.000000
1.951758 1.716662 4.999187 -0.024098 0.971997 4.795540 0.000000
3.406359 3.277957 2.525135 -0.106235 0.684361 3.470390 0.000000
1.179491 4.595051 3.671094 0.021632 0.678025 2.931127 0.000000
4.378787 0.342379 5.883749 -0.087456 0.089429 10.738069 0.000000
4.842702 3.133061 1.622711 0.195383 0.518412 3.549731 0.000000
2.486953 1.235156 0.935385 -0.341973 0.410368 5.653521 0.000000
1.372939 4.162737 2.087747 -0.150488 0.760641 3.079572 0.000000
4.484276 3.552697 4.540555 0.417524 0.566024 3.333502 0.000000
1.533770 2.667189 0.596738 -0.690337 0.006110 3.847273 0.000000
3.732924 2.933856 0.851455 0.493622 0.375145 3.668263 0.000000
2.923947 2.081107 2.571361 -0.210481 0.213952 4.355446 0.000000
1.235916 0.050963 4.355803 0.516659 0.584103 27.832485 0.000000
3.562206 2.464562 5.319892 0.411665 0.315006 4.002303 0.000000
1.381293 4.613028 4.820735 -0.163840 0.262907 2.925411 0.000000
2.668592 1.749896 0.789032 -0.502220 0.038201 4.749782 0.000000
4.909121 1.685003 0.002485 -0.054645 0.829948 4.840380 0.000000
4.324187 1.250386 5.427899 -0.914635 0.875035 5.618985 0.000000
1.827941 2.721267 3.415616 0.103120 0.396663 3.808853 0.000000
4.946034 0.182912 2.346964 0.598431 0.323255 14.691246 0.000000
3.328561 2.319504 3.309432 -0.575443 0.421270 4.125554 0.000000
2.321761 4.031081 3.758227 0.663155 0.236258 3.129458 0.000000
2.615852 1.155957 1.070447 0.784654 0.945036 5.843984 0.000000
4.384764 0.464350 1.286086 -0.391164 0.224981 9.220561 0.000000
2.438069 1.225650 4.516134 0.193959 0.291651 5.675402 0.000000
4.892531 2.802715 3.378179 0.468544 0.703563 3.753102 0.000000
3.564177 2.203862 5.565659 0.256675 0.687068 4.232409 0.000000
3.262166 4.986090 0.788110 -0.546176 0.026483 2.813843 0.000000
2.789544 1.847353 5.543013 0.871072 0.996693 4.622798 0.000000
3.207156 1.772789 4.059731 0.455397 0.915071 4.719014 0.000000
2.964074 3.682519 0.407224 -0.611705 0.244095 3.274216 0.000000
3.567866 3.836998 1.558029 0.169348 0.910182 3.207628 0.000000
4.928435 3.784492 3.434256 0.326947 0.280309 3.229803 0.000000
1.876028 0.447787 6.212797 0.244200 0.893023 9.389539 0.000000
1.545621 3.872525 4.704056 -0.532010 0.994836 3.192881 0.000000
4.808261 1.984804 3.728630 -0.889511 0.563907 4.459859 0.000000
4.995723 4.599080 2.876163 0.890450 0.755025 2.929843 0.000000
2.054305 4.849913 4.242428 0.558193 0.686910 2.853073 0.000000
2.328357 1.584519 5.252478 0.790256 0.597178 4.991501 0.000000
2.438791 1.578308 5.522052 0.247381 0.913373 5.001312 0.000000
1.993824 1.388920 5.631117 0.957133 0.119127 5.331399 0.000000
1.771213 0.999504 5.934233 0.387538 0.077503 6.284743 0.000000
3.056263 0.598044 1.637767 0.540542 0.026772 8.124812 0.000000
3.861842 3.614317 3.269944 0.018935 0.275950 3.304964 0.000000
4.790534 1.255502 0.423468 -0.165886 0.543063 5.607525 0.000000
2.606221 0.645197 6.030448 -0.554037 0.320372 7.822284 0.000000
1.209863 0.733260 5.956083 0.351525 0.076937 7.337546 0.000000
2.015640 1.297992 0.532446 0.051496 0.336445 5.514978 0.000000
3.285108 3.981726 2.871373 0.405182 0.333736 3.148794 0.000000
4.315142 2.168986 1.554526 0.555159 0.688723 4.266301 0.000000
2.513294 3.892447 5.067031 0.959375 0.792577 3.184700 0.000000
1.373456 3.444852 0.216563 0.285629 0.328531 3.385280 0.000000
3.632621 0.558071 4.301493 0.820551 0.393043 8.410761 0.000000
1.148118 4.753584 0.423577 0.345723 0.176144 2.881836 0.000000
2.964643 4.732337 2.752698 -0.459051 0.664057 2.888298 0.000000
2.079785 2.205062 3.420974 0.101957 0.333667 4.231258 0.000000
3.079449 4.846231 1.424854 -0.647285 0.455721 2.854157 0.000000
4.988888 2.409336 1.745685 0.008378 0.941863 4.047913 0.000000
3.426458 4.644672 0.875807 -0.381933 0.132459 2.915428 0.000000
4.886321 3.246517 4.888321 0.948921 0.134591 3.487153 0.000000
2.934506 2.133030 3.650814 -0.373519 0.849722 4.302109 0.000000
4.781639 3.447279 4.303409 -0.457309 0.411011 3.384088 0.000000
4.781325 1.605048 5.297546 0.441785 0.809849 4.959477 0.000000
4.023365 4.209579 6.257078 -0.517861 0.240564 3.062390 0.000000
4.858056 4.800510 5.544560 -0.937437 0.978567 2.867716 0.000000
2.152108 2.930574 3.766730 0.629956 0.756808 3.670317 0.000000
2.734635 2.438116 3.418074 0.917112 0.299650 4.023951 0.000000
2.312646 1.991455 2.952389 0.265956 0.204006 4.452404 0.000000
2.097983 1.455230 0.345397 -0.718921 0.866818 5.208516 0.000000
2.866836 1.035701 4.126485 -0.573998 0.954109 6.173944 0.000000
1.787762 0.136805 5.925932 -0.860920 0.877080 16.987497 0.000000
1.659081 4.212638 1.740520 -0.035913 0.765945 3.061278 0.000000
2.883247 4.447017 5.987209 -0.154405 0.605437 2.979514 0.000000
4.059263 4.483555 1.839021 -0.331839 0.535162 2.967349 0.000000
4.380055 3.596983 6.265586 -0.906458 0.641973 3.312918 0.000000
2.113351 0.204697 2.936122 0.414754 0.075015 13.887487 0.000000
1.595547 1.901579 3.011433 0.680841 0.618971 4.556409 0.000000
3.276302 4.533314 3.779859 0.552331 0.546748 2.951019 0.000000
1.811805 1.045501 0.266833 0.771341 0.864392 6.144939 0.000000
2.222686 4.424953 2.329881 -0.403326 0.098218 2.986933 0.000000
1.694242 4.138401 2.771028 0.344452 0.763874 3.088614 0.000000
1.153479 0.289748 5.943747 0.274957 0.557556 11.672660 0.000000
4.455072 1.605983 4.705090 -0.393787 0.112056 4.958032 0.000000
4.875719 2.892986 0.802919 0.323649 0.186673 3.694084 0.000000
1.276870 2.489257 2.681500 0.072335 0.179252 3.982401 0.000000
4.709444 3.103500 5.043559 -0.891752 0.115466 3.566596 0.000000
2.999108 4.044649 1.230860 -0.844515 0.981555 3.124204 0.000000
1.614719 4.037778 3.542706 -0.316810 0.393478 3.126862 0.000000
3.611057 4.151285 0.234267 0.102323 0.399386 3.083817 0.000000
2.883612 2.554211 4.742439 -0.327201 0.655693 3.931438 0.000000
2.547382 2.325332 1.953852 0.861986 0.919943 4.120381 0.000000
3.299252 4.939931 5.119254 0.430043 0.556536 2.826958 0.000000
4.942464 2.587423 3.433088 -0.567088 0.650900 3.906125 0.000000
1.452196 3.305418 1.121293 -0.464030 0.155667 3.455944 0.000000
3.933238 1.824731 2.554345 0.082646 0.720987 4.651365 0.000000
3.420484 3.889985 0.410474 0.079162 0.548992 3.185707 0.000000
2.579891 4.621988 0.499048 0.502809 0.883793 2.922574 0.000000
3.332069 2.408407 0.743554 -0.984926 0.427001 4.048694 0.000000
4.189246 1.339662 2.052668 -0.826503 0.385157 5.428530 0.000000
1.823621 0.336444 3.126421 -0.816933 0.508506 10.832373 0.000000
2.460928 3.371692 3.641357 -0.924546 0.766957 3.421810 0.000000
2.912817 3.514489 6.140409 0.781559 0.128355 3.351574 0.000000
1.943252 1.503951 0.100204 -0.789742 0.075913 5.123456 0.000000
4.592612 0.522155 1.407780 0.664018 0.265821 8.695214 0.000000
4.327852 2.929987 0.002146 -0.845184 0.996492 3.670684 0.000000
4.654957 2.806312 0.206729 -0.521733 0.495121 3.750696 0.000000
3.454506 1.884998 0.352442 0.814843 0.585651 4.576404 0.000000
2.001260 2.650440 4.839699 0.697373 0.238320 3.859409 0.000000
3.301931 3.568155 0.161675 -0.966587 0.816731 3.326274 0.000000
1.671304 4.958799 0.467891 -0.826821 0.108055 2.821575 0.000000
4.377156 0.601448 2.945514 -0.562355 0.307838 8.101785 0.000000
1.655209 2.972043 0.366960 -0.129220 0.114336 3.644621 0.000000
4.240617 4.144911 6.157844 -0.095349 0.549629 3.086187 0.000000
1.751471 0.445142 2.020706 0.202903 0.096407 9.417388 0.000000
1.734438 0.777480 4.605410 0.741958 0.854434 7.125824 0.000000
4.763397 2.352365 2.154442 0.709229 0.086716 4.096637 0.000000
1.631878 3.831727 5.481240 0.598190 0.034049 3.209834 0.000000
1.796728 4.823826 4.958142 0.175873 0.391249 2.860777 0.000000
1.159854 3.254463 0.389137 -0.503101 0.055442 3.482893 0.000000
3.594712 1.359556 5.500138 0.616083 0.527282 5.388666 0.000000
3.032344 2.568612 5.638376 -0.220110 0.638374 3.920402 0.000000
2.495537 1.535214 5.411487 0.324746 0.703954 5.071021 0.000000
1.284589 0.157120 0.217516 -0.284949 0.672340 15.851263 0.000000
1.499379 1.679818 2.344607 0.703154 0.281600 4.847846 0.000000
3.503505 1.795156 5.055648 -0.197536 0.446918 4.689524 0.000000
2.866803 1.752516 2.333133 0.734967 0.806551 4.746231 0.000000
2.299430 2.598368 4.436635 0.232510 0.780456 3.897889 0.000000
1.673953 2.594192 3.774875 -0.796345 0.454214 3.901025 0.000000
4.152881 1.100144 5.550760 0.699620 0.152007 5.990389 0.000000
2.633020 4.953908 3.151219 -0.055462 0.530073 2.822968 0.000000
1.256004 2.257789 0.961412 0.831666 0.347440 4.181558 0.000000
2.220077 3.170424 4.972862 0.956610 0.986152 3.528752 0.000000
1.731919 3.526098 3.645340 -0.145964 0.157787 3.346052 0.000000
1.448945 3.182422 4.106095 -0.062990 0.122815 3.522094 0.000000
3.683280 0.815849 0.273617 0.673337 0.188773 6.956248 0.000000
1.387204 4.632178 4.839962 -0.129189 0.025650 2.919357 0.000000
1.492270 0.122119 0.739627 0.125187 0.961011 17.979975 0.000000
4.436334 1.929851 5.165896 -0.786898 0.620016 4.522911 0.000000
4.117422 1.326110 5.056381 -0.539783 0.893153 5.456197 0.000000
3.077489 1.345590 3.798765 -0.146661 0.514353 5.416560 0.000000
2.288440 0.066306 4.726828 0.726783 0.319696 24.400768 0.000000
4.139350 4.274435 4.985931 0.872231 0.175597 3.039069 0.000000
4.220246 3.906639 0.621244 -0.222950 0.922599 3.178910 0.000000
1.058909 0.162658 1.387148 -0.058523 0.573726 15.579094 0.000000
3.761073 0.183326 4.340654 -0.882976 0.108526 14.674653 0.000000
4.938555 1.022160 4.135180 -0.391236 0.621174 6.214703 0.000000
1.893061 0.582165 3.336298 0.513378 0.618861 8.234872 0.000000
4.786697 2.854715 1.824732 0.876632 0.106578 3.718763 0.000000
1.188267 1.488591 4.359676 0.474045 0.941812 5.149821 0.000000
3.608717 0.293159 2.071803 -0.084774 0.580690 11.604542 0.000000
3.765115 3.584620 4.800526 -0.008618 0.977944 3.318626 0.000000
2.082367 4.388865 1.478475 0.178728 0.761311 2.999189 0.000000
1.717432 0.273071 1.014398 -0.058638 0.273382 12.023804 0.000000
4.861476 4.878045 1.831371 -0.826822 0.222618 2.844834 0.000000
4.464749 1.209688 3.919732 -0.251338 0.847828 5.712723 0.000000
3.274021 2.582775 5.987634 -0.785437 0.030081 3.909639 0.000000
2.455037 3.912296 4.211132 -0.494168 0.882432 3.176611 0.000000
4.526833 3.669146 3.065745 -0.300434 0.562148 3.280177 0.000000
3.883837 1.103457 4.026119 0.650738 0.532481 5.981391 0.000000
3.646310 4.696672 5.448051 -0.593101 0.293562 2.899244 0.000000
3.480368 1.889024 5.025179 -0.644459 0.167225 4.571526 0.000000
3.386030 2.664924 0.171394 -0.951242 0.144184 3.848907 0.000000
4.665884 0.240864 2.431426 -0.102218 0.797619 12.802466 0.000000
2.091614 3.441471 1.951944 -0.609929 0.969589 3.386942 0.000000
4.867213 3.790792 5.172784 0.417072 0.521967 3.227118 0.000000
2.361933 1.071846 4.091559 0.729194 0.126129 6.068952 0.000000
1.007448 0.605570 2.160257 0.295639 0.014027 8.074166 0.000000
3.863079 3.019015 4.834606 -0.171300 0.232191 3.616156 0.000000
2.919377 3.075904 5.728046 -0.971943 0.691365 3.582560 0.000000
2.516876 3.021856 4.618262 -0.909528 0.558259 3.614456 0.000000
1.149060 2.514456 5.132568 -0.644706 0.700855 3.962395 0.000000
4.575614 1.378294 4.988166 -0.147004 0.282450 5.351911 0.000000
3.203161 1.893973 3.133771 0.474794 0.223342 4.565548 0.000000
1.333752 4.797696 0.061204 0.110300 0.445923 2.868557 0.000000
2.740716 2.387068 3.204376 0.556905 0.242411 4.066750 0.000000
1.657365 1.635082 0.255177 -0.860347 0.649214 4.913716 0.000000
2.725501 0.507183 5.242167 -0.059425 0.008693 8.822620 0.000000
3.404182 1.520457 6.089126 0.284210 0.180442 5.095571 0.000000
4.816842 1.479927 2.152547 -0.390160 0.330959 5.164874 0.000000
2.487749 1.359099 1.709361 -0.158171 0.169227 5.389572 0.000000
2.423903 2.320259 4.659989 -0.544043 0.875124 4.124883 0.000000
4.180338 3.774074 1.109562 0.805654 0.912042 3.234258 0.000000
4.353779 1.017580 0.751188 0.823539 0.603219 6.228673 0.000000
4.863235 0.233875 2.440545 0.487058 0.693700 12.992368 0.000000
2.946632 4.405405 3.739795 0.762725 0.991022 2.993553 0.000000
2.390782 3.503164 1.636845 -0.644468 0.865115 3.356987 0.000000
1.820047 1.928191 3.642035 0.551669 0.322155 4.524856 0.000000
2.655161 3.584718 2.011515 -0.769936 0.394233 3.318581 0.000000
2.092310 3.755769 1.250246 0.681433 0.481810 3.242130 0.000000
1.294142 1.438598 2.149959 -0.861381 0.801660 5.238539 0.000000
4.046557 1.922057 5.683988 0.550198 0.118443 4.532071 0.000000
2.807981 1.923181 3.747114 -0.380401 0.244054 4.530746 0.000000
2.591131 2.947779 5.787088 0.005350 0.622536 3.659590 0.000000
1.796973 3.141739 3.750889 0.538726 0.745024 3.544825 0.000000
3.466431 4.058811 1.234519 -0.305541 0.713002 3.118749 0.000000
3.106431 2.928526 3.479481 0.738992 0.522610 3.671600 0.000000
3.238356 0.566322 0.713825 -0.632128 0.178396 8.349262 0.000000
1.371637 1.018243 5.263163 0.196741 0.498194 6.226645 0.000000
1.251512 2.405871 4.863402 -0.150490 0.002138 4.050827 0.000000
1.056653 2.110421 1.537732 0.232335 0.478932 4.325092 0.000000
1.931725 1.092050 1.836832 -0.338873 0.160612 6.012549 0.000000
4.755430 0.328720 2.698625 -0.271869 0.586623 10.958888 0.000000
4.466066 4.188776 3.936466 0.530911 0.968465 3.069985 0.000000
2.267652 3.339079 4.400654 0.026817 0.618144 3.438480 0.000000
1.595333 1.703290 2.781346 0.823108 0.439837 4.814327 0.000000
1.787787 2.381308 4.008013 0.863864 0.303217 4.071665 0.000000
1.044200 4.735704 0.212013 -0.806587 0.762459 2.887271 0.000000
1.962067 1.290985 3.936045 0.146497 0.326124 5.529925 0.000000
3.835759 2.280399 1.407591 -0.212080 0.096537 4.160777 0.000000
4.009772 2.334660 0.992371 0.821353 0.068889 4.112141 0.000000
4.581462 2.884386 3.252804 0.888787 0.787205 3.699586 0.000000
4.491709 0.802294 1.645528 -0.121518 0.394953 7.014763 0.000000
4.791311 3.523352 3.209227 -0.218455 0.791890 3.347356 0.000000
3.085628 2.493505 2.256712 -0.456495 0.189721 3.979007 0.000000
1.081164 0.388820 1.288620 0.559388 0.346973 10.076401 0.000000
4.362401 3.394668 4.490712 -0.518502 0.965285 3.410211 0.000000
4.659351 2.358717 0.323534 -0.161254 0.423592 4.091117 0.000000
4.017433 3.734565 4.905870 0.887317 0.961745 3.251321 0.000000
4.219459 0.643017 1.876349 0.508399 0.698429 7.835535 0.000000
1.158520 4.218993 4.365568 0.776065 0.224151 3.058972 0.000000
4.695158 3.292672 2.278947 -0.676130 0.438307 3.462627 0.000000
3.758395 3.734192 3.984626 0.921636 0.359632 3.251483 0.000000
3.359446 0.349024 1.408833 0.293742 0.939597 10.635360 0.000000
2.618737 0.335661 1.478219 -0.027024 0.031351 10.844991 0.000000
2.027386 0.588680 2.400667 0.676190 0.159798 8.189176 0.000000
2.468358 3.744954 4.817365 -0.116420 0.771163 3.246808 0.000000
2.917486 0.928473 3.352185 -0.146621 0.938370 6.520715 0.000000
4.538836 4.017000 1.151020 0.086802 0.994469 3.134938 0.000000
1.653769 2.872264 0.758350 -0.432401 0.181226 3.707385 0.000000
2.559933 3.230035 1.455657 0.033419 0.929779 3.496039 0.000000
4.526720 4.401525 2.070217 -0.924156 0.181458 2.994872 0.000000
3.925510 1.404074 3.284545 0.282382 0.929983 5.302551 0.000000
1.202804 0.008037 1.041918 -0.110758 0.680253 70.086358 0.000000
2.776944 1.870498 0.717995 0.961898 0.605425 4.594108 0.000000
4.965794 0.927594 1.913610 0.933877 0.236712 6.523804 0.000000
1.966049 4.721575 1.569914 -0.845291 0.781414 2.891588 0.000000
2.155508 0.620649 3.388874 0.582543 0.496647 7.975483 0.000000
1.757482 1.676086 1.502014 -0.896554 0.365579 4.853239 0.000000
3.053939 0.404252 0.157398 -0.585631 0.930571 9.882207 0.000000
1.499804 2.516860 5.406677 -0.350272 0.750725 3.960503 0.000000
3.651450 0.400754 3.144863 -0.422446 0.077808 9.925235 0.000000
1.308476 2.287881 1.921386 -0.151178 0.090632 4.153968 0.000000
1.874304 2.340285 4.014379 -0.069585 0.450503 4.107196 0.000000
3.243631 1.640071 4.673205 0.192910 0.180151 4.906237 0.000000
3.621581 2.917049 5.820434 0.343845 0.429222 3.678815 0.000000
1.299373 2.858500 1.844884 0.022564 0.428169 3.716300 0.000000
2.966863 4.703283 0.342348 0.123043 0.302105 2.897206 0.000000
1.184226 2.647844 5.954452 0.681168 0.275372 3.861301 0.000000
2.060102 0.259528 1.360583 0.925844 0.059028 12.333546 0.000000
2.322444 0.463289 4.981345 0.744239 0.527030 9.231105 0.000000
1.951800 2.464728 5.457619 0.953438 0.514275 4.002168 0.000000
4.857748 4.099278 4.417942 -0.537821 0.425458 3.103317 0.000000
2.491665 2.561830 6.008134 0.054988 0.876676 3.925588 0.000000
4.870166 3.832949 2.242857 0.256112 0.447984 3.209323 0.000000
1.738321 1.560672 5.439081 -0.487151 0.552916 5.029491 0.000000
2.262962 1.634297 1.614210 -0.066951 0.511448 4.914896 0.000000
1.908356 2.952302 0.560078 0.368903 0.700892 3.656786 0.000000
3.209781 4.096576 5.553885 0.134697 0.198834 3.104341 0.000000
4.503634 1.369570 1.550199 0.676995 0.626092 5.368930 0.000000
4.263962 3.568323 0.221738 0.221482 0.366079 3.326196 0.000000
2.834784 0.126779 4.934878 0.029861 0.331797 17.646380 0.000000
2.253480 3.573011 1.528428 -0.063722 0.408118 3.324013 0.000000
1.601431 0.957346 0.188633 0.549731 0.779014 6.421632 0.000000
1.982190 3.670369 3.626381 0.106518 0.502575 3.279631 0.000000
3.843826 1.858013 1.023235 0.437253 0.840173 4.609518 0.000000
1.649174 2.492060 1.727498 0.012089 0.090557 3.980161 0.000000
1.529927 1.966149 1.470564 -0.526458 0.280608 4.480966 0.000000
4.346007 4.253514 2.290514 -0.608382 0.143146 3.046533 0.000000
3.841347 2.922987 4.952264 0.947785 0.307665 3.675077 0.000000
1.829383 0.555430 4.389894 0.017244 0.968947 8.430733 0.000000
3.082891 3.096488 0.216147 -0.013864 0.313429 3.570633 0.000000
2.504718 4.151316 0.135028 -0.997917 0.571921 3.083805 0.000000
2.299412 1.215026 6.274870 -0.168323 0.649713 5.700161 0.000000
1.541644 1.639514 5.583613 -0.422190 0.192960 4.907071 0.000000
1.834579 0.033621 4.132139 -0.774658 0.248014 34.266948 0.000000
4.648476 0.747085 2.027831 0.330032 0.559637 7.269338 0.000000
3.274966 0.013676 1.077090 -0.981090 0.244266 53.728398 0.000000
3.522520 3.106226 1.365013 -0.141358 0.307825 3.565031 0.000000
3.739904 2.285452 5.274550 -0.950479 0.522901 4.156175 0.000000
4.922001 1.083604 5.936457 -0.649459 0.508684 6.035934 0.000000
4.312689 3.280864 5.378395 -0.744784 0.503967 3.468852 0.000000
3.105651 3.642697 1.133442 -0.938424 0.899472 3.292065 0.000000
1.983036 1.907241 5.909472 0.961415 0.921529 4.549640 0.000000
3.227660 1.154941 0.723319 0.395242 0.753723 5.846554 0.000000
1.432862 0.884126 0.676805 0.389557 0.055685 6.682249 0.000000
2.213631 0.657247 1.883388 -0.587166 0.361411 7.750250 0.000000
2.442307 2.903661 0.051282 -0.856232 0.077747 3.687287 0.000000
1.664573 4.765065 1.211392 -0.266171 0.554554 2.878362 0.000000
3.182342 0.423464 4.519876 -0.470442 0.368996 9.655426 0.000000
2.004274 2.467035 1.990078 -0.533126 0.906086 4.000297 0.000000
1.995306 3.368511 1.766846 -0.088552 0.787244 3.423425 0.000000
4.201260 3.887782 0.145270 0.652760 0.434732 3.186610 0.000000
2.851570 0.347978 0.423892 -0.342108 0.300841 10.651336 0.000000
4.180903 0.357770 4.692041 -0.070819 0.651150 10.504565 0.000000
2.309190 4.578131 4.324467 -0.808762 0.200224 2.936539 0.000000
2.566372 4.476883 2.955534 -0.612229 0.987738 2.969559 0.000000
2.896420 2.043502 4.549551 0.197024 0.081240 4.395338 0.000000
1.447345 1.570268 0.726482 0.446946 0.701205 5.014099 0.000000
2.856208 3.318823 5.968233 0.224738 0.935076 3.448957 0.000000
3.090949 1.277687 1.166282 0.742161 0.692357 5.558627 0.000000
4.116389 1.588351 5.546746 -0.409830 0.390691 4.985476 0.000000
1.376381 2.693540 4.739620 0.675810 0.532830 3.828407 0.000000
3.757387 1.892132 1.605086 0.576408 0.433441 4.567769 0.000000
2.727933 0.981532 2.508577 0.980556 0.826925 6.342019 0.000000
1.567441 4.713215 3.333698 0.449731 0.527154 2.894151 0.000000
3.487032 2.584320 2.041835 -0.907902 0.065023 3.908469 0.000000
3.983907 2.735926 6.268722 0.781916 0.224005 3.798636 0.000000
2.291477 1.530739 5.244762 0.739895 0.338283 5.078429 0.000000
2.773607 4.435782 0.691182 -0.016293 0.678880 2.983285 0.000000
2.783486 0.495049 0.499133 0.108144 0.459464 8.930090 0.000000
3.732211 3.472961 3.490457 0.729901 0.807619 3.371553 0.000000
2.100273 2.802565 4.499609 0.259252 0.125854 3.753203 0.000000
3.821526 0.811512 5.928606 -0.230394 0.634145 6.974812 0.000000
3.348393 1.848431 0.511630 0.789880 0.344818 4.621450 0.000000
1.063087 4.840900 0.683566 0.828518 0.670942 2.855728 0.000000
1.367054 1.335240 4.469503 0.260379 0.351625 5.437511 0.000000
3.590257 2.344979 5.849712 -0.225830 0.017449 4.103084 0.000000
3.014962 1.702252 0.293907 0.642490 0.921039 4.815795 0.000000
3.386018 4.352821 4.386718 0.164107 0.579158 3.011580 0.000000
4.721519 1.638469 2.871026 -0.763766 0.244322 4.908635 0.000000
2.150525 4.638898 3.367854 0.278135 0.293002 2.917242 0.000000
2.504216 3.044941 1.300721 -0.297291 0.817208 3.600729 0.000000
3.291496 1.371765 1.587080 0.237264 0.509219 5.364633 0.000000
2.371238 1.172969 1.727763 0.743574 0.968394 5.801450 0.000000
3.810877 1.570412 5.342675 0.687956 0.782456 5.013870 0.000000
3.081424 2.553319 4.613365 -0.240232 0.624076 3.932125 0.000000
3.393334 1.286741 3.141085 0.042813 0.383960 5.539037 0.000000
2.584979 2.426708 2.716376 -0.848170 0.914942 4.033398 0.000000
4.311967 4.791158 5.712002 -0.596972 0.430016 2.870514 0.000000
3.018536 0.598350 2.319055 0.876619 0.215849 8.122732 0.000000
2.227605 1.499475 3.623751 0.870874 0.540812 5.131098 0.000000
1.724996 4.597228 2.167860 -0.972520 0.089161 2.930433 0.000000
2.377232 2.753804 4.524271 0.688790 0.024075 3.786286 0.000000
4.371748 4.642121 1.182686 -0.402120 0.516557 2.916229 0.000000
1.694706 1.691099 3.607282 -0.002620 0.919395 4.831649 0.000000
3.481234 4.323165 6.242698 -0.235083 0.897068 3.021892 0.000000
4.227215 0.239585 2.375220 -0.245792 0.113325 12.836594 0.000000
1.013163 0.418386 1.872663 -0.431777 0.121807 9.713853 0.000000
3.764201 1.199237 3.863648 -0.780942 0.444039 5.737560 0.000000
4.260525 3.325799 4.582952 -0.492074 0.083845 3.445339 0.000000
1.185178 4.433058 5.793956 -0.565092 0.703819 2.984201 0.000000
2.837942 4.753993 0.921040 0.405736 0.136739 2.881712 0.000000
4.621879 1.974087 4.410174 -0.786398 0.640812 4.471947 0.000000
3.461910 2.105250 4.738785 0.898885 0.542021 4.330400 0.000000
3.032290 4.596522 3.194576 -0.267428 0.290603 2.930658 0.000000
2.680138 4.041988 3.160030 -0.683234 0.532257 3.125233 0.000000
3.414062 0.270098 0.702791 -0.968903 0.112760 12.089799 0.000000
3.716086 1.982460 4.633870 -0.066910 0.890194 4.462494 0.000000
1.188510 0.500933 1.607166 -0.386214 0.984743 8.877491 0.000000
4.580314 3.012318 0.765328 0.199227 0.158935 3.620174 0.000000
2.918938 4.757496 3.663023 -0.056743 0.910619 2.880651 0.000000
1.334442 3.246762 0.287709 0.016386 0.625558 3.487022 0.000000
1.470067 3.512595 4.987828 -0.750775 0.498883 3.352477 0.000000
2.299842 2.256911 1.600544 0.532041 0.002473 4.182372 0.000000
4.265725 1.880715 0.857624 -0.077693 0.708819 4.581613 0.000000
3.245182 0.937319 6.047751 -0.739144 0.611571 6.489872 0.000000
4.280693 4.356115 5.115382 0.604607 0.353798 3.010441 0.000000
4.578029 2.841980 5.966141 0.982107 0.599186 3.727085 0.000000
1.237367 0.732075 0.669134 -0.455326 0.210549 7.343485 0.000000
4.803938 2.950870 0.303112 0.754301 0.164087 3.657673 0.000000
4.518189 4.438122 5.985636 0.538603 0.177643 2.982498 0.000000
3.800274 4.999236 3.789951 0.334567 0.346072 2.810140 0.000000
2.902580 3.665115 3.528446 0.288473 0.200678 3.281981 0.000000
4.236998 2.915146 1.825575 0.224372 0.362711 3.680016 0.000000
4.375219 0.930029 1.888377 -0.952498 0.662189 6.515258 0.000000
1.477349 4.293720 1.331994 -0.957544 0.290553 3.032236 0.000000
3.482135 3.616916 5.728769 -0.048608 0.616500 3.303777 0.000000
4.845792 1.493805 0.718493 -0.493147 0.577849 5.140825 0.000000
3.464077 2.009733 4.453893 0.505401 0.543850 4.432111 0.000000
3.943124 4.448802 5.584444 -0.450543 0.161307 2.978917 0.000000
3.243909 4.593345 4.358535 0.502057 0.792645 2.931672 0.000000
4.353225 4.887581 0.319664 0.309314 0.471056 2.842058 0.000000
1.541626 3.722871 3.583899 0.457301 0.549553 3.256424 0.000000
2.402634 1.418578 0.584691 -0.402937 0.337071 5.275375 0.000000
3.105821 1.846391 2.214106 -0.930023 0.535904 4.624002 0.000000
1.641641 1.977941 5.469773 0.218664 0.183606 4.467589 0.000000
3.954969 1.835492 1.313915 0.491928 0.701444 4.637710 0.000000
2.529110 3.280538 3.411986 -0.274211 0.164028 3.469024 0.000000
4.258269 1.129212 2.355007 -0.064358 0.641061 5.912785 0.000000
3.981533 2.013920 1.657757 0.147477 0.915381 4.427502 0.000000
2.166760 4.642736 5.130541 0.337214 0.755946 2.916036 0.000000
4.261375 0.666333 4.663089 0.898225 0.564299 7.697228 0.000000
2.062756 1.978685 0.702524 0.819985 0.188786 4.466749 0.000000
2.196895 0.371389 1.472113 0.108499 0.039024 10.310162 0.000000
4.843821 4.890630 3.940782 0.775500 0.811882 2.841172 0.000000
4.974366 1.697282 5.254070 0.557003 0.349399 4.822841 0.000000
4.669426 2.904049 1.656112 -0.557315 0.593903 3.687040 0.000000
3.371565 0.893579 0.999472 -0.947806 0.065672 6.646813 0.000000
1.247205 2.830473 4.022409 -0.286975 0.795301 3.734654 0.000000
1.504198 3.930890 4.304271 0.250756 0.505616 3.169089 0.000000
2.689384 4.022196 0.548253 0.960528 0.737548 3.132912 0.000000
2.824936 1.548954 5.809720 -0.109113 0.000018 5.048480 0.000000
2.865037 0.774104 4.222006 0.971059 0.786957 7.141349 0.000000
4.792091 3.814834 3.580231 -0.369265 0.426665 3.216933 0.000000
1.922150 0.064135 5.154129 0.044309 0.595659 24.810303 0.000000
4.777147 0.150016 2.351920 0.228046 0.825249 16.222245 0.000000
4.576672 2.963946 4.540985 0.749426 0.658365 3.649596 0.000000
3.417064 0.145188 5.491729 0.306491 0.950795 16.489774 0.000000
2.552333 3.530381 3.229144 0.431209 0.059016 3.344021 0.000000
3.553424 3.323176 1.893454 -0.407449 0.879787 3.446698 0.000000
1.104584 1.142954 0.725317 -0.878570 0.671003 5.877131 0.000000
3.188287 4.331276 1.375769 0.773715 0.214837 3.019061 0.000000
1.429463 0.382218 0.750335 0.261360 0.239167 10.163052 0.000000
1.524927 0.095845 2.698970 -0.364381 0.165914 20.295305 0.000000
3.011230 2.373475 0.935598 0.210446 0.289975 4.078379 0.000000
1.889120 2.237508 6.035078 0.945291 0.479871 4.200467 0.000000
3.025590 4.699856 0.472229 -0.163596 0.447700 2.898262 0.000000
1.616726 4.269127 2.793603 0.352210 0.401765 3.040957 0.000000
3.237148 3.359685 2.539941 0.582089 0.699592 3.427919 0.000000
4.373918 2.193539 6.084023 -0.222041 0.077920 4.242356 0.000000
4.028930 0.428095 2.228075 -0.394240 0.263511 9.603063 0.000000
1.220532 1.573608 2.415739 0.280189 0.555098 5.008775 0.000000
1.767875 1.787665 0.009526 -0.374197 0.406321 4.699339 0.000000
4.381267 0.190443 4.766434 -0.031752 0.789955 14.397843 0.000000
4.750103 0.823200 2.709265 0.746865 0.257382 6.925116 0.000000
1.964571 3.131447 2.626874 -0.578345 0.733863 3.550646 0.000000
4.467787 2.314832 1.832186 -0.181749 0.008105 4.129716 0.000000
4.062510 0.191062 3.131106 -0.614330 0.574767 14.374482 0.000000
1.027872 0.889494 3.803292 0.714683 0.019998 6.662057 0.000000
1.207781 1.537094 0.498400 -0.826192 0.577290 5.067920 0.000000
1.400621 3.908725 4.356751 0.877876 0.975682 3.178062 0.000000
1.644729 3.162569 0.524394 0.229388 0.133057 3.533132 0.000000
3.471196 4.740449 5.333651 0.015510 0.205710 2.885826 0.000000
