2.401226 108.239918 2.463956 -0.693334 0.125718 0.301965 0.000000
2.913812 182.117833 4.761805 -0.775631 0.005397 0.232795 0.000000
2.820673 139.623847 1.780717 0.736026 0.355395 0.265870 0.000000
4.098308 100.240812 4.009836 -0.367348 0.248322 0.313782 0.000000
3.129659 142.207261 2.325954 -0.379409 0.098873 0.263444 0.000000
3.329769 119.606804 6.063811 -0.793274 0.173426 0.287258 0.000000
2.927589 138.275711 4.726230 0.376515 0.490194 0.267163 0.000000
2.998439 182.419868 0.124373 0.832864 0.165628 0.232602 0.000000
4.805735 100.114145 1.126078 -0.621997 0.270553 0.313980 0.000000
2.608691 158.664158 4.884772 -0.899669 0.414162 0.249408 0.000000
4.798835 146.987052 5.088853 0.741324 0.167240 0.259126 0.000000
2.686362 135.971256 0.681980 0.364356 0.119868 0.269418 0.000000
4.356502 188.301951 3.934369 0.154573 0.217305 0.228940 0.000000
1.914456 123.095525 3.185875 0.781463 0.248014 0.283158 0.000000
4.381900 161.688768 4.411682 0.398021 0.241542 0.247064 0.000000
2.127642 150.935690 5.239993 0.625502 0.025727 0.255714 0.000000
3.653305 114.772789 4.359265 0.653354 0.338606 0.293245 0.000000
4.913233 195.470331 4.781890 0.638564 0.197512 0.224703 0.000000
1.933412 133.079998 4.910678 0.998681 0.292454 0.272329 0.000000
3.167784 154.401492 0.854474 0.107192 0.252013 0.252827 0.000000
3.645648 104.471098 3.734978 0.280741 0.359825 0.307363 0.000000
4.578056 118.701025 5.570348 0.099466 0.097165 0.288352 0.000000
4.176149 106.925624 3.569070 -0.490435 0.029541 0.303815 0.000000
1.873054 120.352639 5.234218 -0.786624 0.320967 0.286366 0.000000
4.411404 151.717460 5.134702 0.702919 0.444512 0.255054 0.000000
3.367976 145.135583 0.861911 -0.618541 0.413778 0.260773 0.000000
2.448160 107.732229 2.810258 0.093363 0.274698 0.302675 0.000000
2.155071 166.746936 0.437059 0.817986 0.061003 0.243288 0.000000
1.954762 135.894394 1.983421 -0.969271 0.315819 0.269494 0.000000
1.449465 128.139173 0.181497 -0.070498 0.119377 0.277529 0.000000
2.782439 187.644898 1.335150 0.407085 0.353985 0.229341 0.000000
3.878549 103.210222 5.885137 -0.536886 0.486110 0.309235 0.000000
3.629507 199.623167 4.813228 -0.751033 0.192495 0.222354 0.000000
4.428467 105.705835 2.292465 -0.629072 0.118873 0.305563 0.000000
4.126527 156.513842 2.662081 -0.718585 0.422001 0.251115 0.000000
3.546670 123.502788 5.387054 0.660284 0.253800 0.282691 0.000000
4.604272 130.829365 2.191684 0.491774 0.384500 0.274661 0.000000
2.821369 143.487740 1.096575 0.508270 0.193586 0.262266 0.000000
1.833624 168.080720 2.332187 -0.356700 0.122547 0.242321 0.000000
3.493883 163.097826 4.256806 -0.899129 0.065435 0.245995 0.000000
2.030395 141.313673 2.732712 -0.731678 0.449522 0.264276 0.000000
4.592039 162.590941 5.536624 -0.258200 0.280296 0.246378 0.000000
2.375787 175.761382 3.582661 0.132498 0.253229 0.236967 0.000000
2.058973 167.125990 1.223315 -0.820509 0.457837 0.243012 0.000000
2.993543 124.117814 2.194437 -0.399021 0.308318 0.281989 0.000000
4.699920 103.153220 5.785358 -0.577830 0.002446 0.309320 0.000000
1.437975 144.958614 3.752171 0.347561 0.099936 0.260932 0.000000
3.321894 116.462429 2.395395 0.121755 0.434882 0.291110 0.000000
1.701124 134.313943 0.961515 0.039165 0.019258 0.271075 0.000000
4.871235 164.744551 4.475259 -0.424847 0.071546 0.244762 0.000000
3.219428 158.835633 2.912598 -0.791909 0.309399 0.249273 0.000000
1.359752 191.846110 3.624563 -0.721784 0.291617 0.226816 0.000000
3.093374 124.658149 3.398906 0.222587 0.251416 0.281378 0.000000
1.488756 170.970530 5.128020 -0.989452 0.353240 0.240264 0.000000
1.522299 138.928292 4.758553 -0.474953 0.313100 0.266535 0.000000
3.331678 165.123230 2.599845 0.628811 0.106998 0.244481 0.000000
4.575967 193.104612 4.220413 0.340159 0.069208 0.226076 0.000000
1.427951 128.306221 4.013749 -0.343253 0.105588 0.277349 0.000000
4.659035 113.941885 1.141861 0.107032 0.018041 0.294312 0.000000
3.136422 100.810514 3.529599 0.061387 0.016932 0.312894 0.000000
4.235499 199.255873 2.603909 -0.371008 0.462639 0.222559 0.000000
4.329550 142.414076 1.883219 -0.444810 0.148103 0.263253 0.000000
1.939631 177.797036 4.371084 0.562884 0.465927 0.235607 0.000000
2.795827 105.862355 5.429396 -0.672147 0.462599 0.305337 0.000000
2.401245 158.279371 1.243847 -0.078032 0.333250 0.249711 0.000000
4.217616 151.763525 3.163240 -0.216080 0.271438 0.255015 0.000000
2.741805 153.965568 4.145093 -0.891299 0.112055 0.253185 0.000000
1.032096 101.475461 3.457736 0.799776 0.445078 0.311867 0.000000
3.938418 192.569293 0.106194 -0.075586 0.144163 0.226390 0.000000
2.362199 114.736251 0.078748 -0.008204 0.315551 0.293292 0.000000
2.812177 132.035185 1.846120 -0.960953 0.241562 0.273404 0.000000
2.693386 168.012012 1.084565 -0.038403 0.282349 0.242370 0.000000
2.030682 101.075081 4.406741 0.377921 0.203929 0.312484 0.000000
4.783526 151.673960 1.707666 0.203546 0.025773 0.255091 0.000000
2.010481 176.005580 2.581414 -0.468501 0.342279 0.236803 0.000000
2.980184 193.943618 2.783127 -0.075483 0.256575 0.225586 0.000000
4.524840 123.943989 0.114665 -0.909077 0.397441 0.282187 0.000000
3.058417 126.019787 0.596425 0.856472 0.044703 0.279853 0.000000
4.872091 162.285243 0.901945 -0.155337 0.240057 0.246610 0.000000
1.204727 120.918603 5.027489 0.489885 0.182737 0.285695 0.000000
4.161046 110.002882 0.317436 0.276601 0.056344 0.299535 0.000000
1.254063 169.542427 0.586671 -0.965390 0.050176 0.241274 0.000000
3.097684 188.883730 2.648668 -0.347461 0.036700 0.228588 0.000000
3.832815 189.716804 4.171387 -0.995283 0.155791 0.228085 0.000000
4.102727 106.250084 4.472293 -0.758427 0.123638 0.304779 0.000000
1.585157 131.383069 3.713495 -0.872549 0.237338 0.274082 0.000000
2.897467 191.530420 2.646702 0.229476 0.483901 0.227003 0.000000
3.095953 101.013773 0.501963 -0.761481 0.402516 0.312579 0.000000
1.868178 120.647349 1.575383 0.483355 0.110478 0.286016 0.000000
3.389263 142.572566 3.604132 0.942047 0.039059 0.263107 0.000000
4.211890 108.183344 3.409089 -0.110172 0.102161 0.302044 0.000000
3.382594 162.064237 0.463650 -0.811359 0.415237 0.246778 0.000000
1.276371 121.551976 5.551317 -0.662803 0.249208 0.284950 0.000000
3.508329 182.106947 4.361788 0.837053 0.101948 0.232802 0.000000
4.110119 172.454906 3.802044 0.341049 0.476999 0.239228 0.000000
4.349096 108.762894 5.124843 -0.406419 0.498373 0.301238 0.000000
1.369038 140.055843 5.938079 0.293497 0.403729 0.265460 0.000000
4.717975 142.738880 3.905946 0.577048 0.370905 0.262953 0.000000
1.937550 167.377010 6.263168 -0.471963 0.495606 0.242830 0.000000
2.785767 199.370404 4.626977 0.693057 0.496283 0.222495 0.000000
4.874822 131.970265 2.079754 -0.899844 0.215115 0.273471 0.000000
4.234684 104.281824 1.653987 0.757759 0.067005 0.307642 0.000000
4.428070 174.821757 4.464101 -0.834353 0.321340 0.237603 0.000000
1.489153 117.259517 1.506450 0.945832 0.444827 0.290119 0.000000
3.686581 145.636713 1.975671 -0.918381 0.319846 0.260324 0.000000
3.952818 140.817399 3.973014 -0.497544 0.319435 0.264741 0.000000
3.168734 133.183243 0.079929 0.041229 0.430440 0.272223 0.000000
4.510069 118.685614 0.500330 -0.388414 0.407736 0.288371 0.000000
2.499386 185.536105 3.828840 0.777727 0.444870 0.230641 0.000000
3.531350 125.593184 0.608809 -0.280537 0.094663 0.280328 0.000000
1.948272 147.215262 0.272505 0.699185 0.062925 0.258925 0.000000
3.909706 135.720073 1.982733 -0.502657 0.483231 0.269667 0.000000
2.433680 108.106865 6.240443 0.528687 0.012213 0.302150 0.000000
4.279467 194.078983 4.093405 0.844874 0.306940 0.225507 0.000000
4.291582 192.219803 5.147204 -0.780019 0.199351 0.226595 0.000000
2.179296 126.617387 1.097295 -0.220859 0.035037 0.279192 0.000000
3.781775 176.809386 3.824803 0.991996 0.465371 0.236264 0.000000
1.916876 117.575726 4.908821 -0.438794 0.209711 0.289728 0.000000
3.688040 154.667662 3.572053 0.167547 0.332685 0.252610 0.000000
2.809532 144.006112 2.348107 0.340106 0.216818 0.261794 0.000000
1.677555 175.591815 2.645964 0.508314 0.003324 0.237082 0.000000
1.333924 179.216493 5.866989 0.840005 0.068291 0.234672 0.000000
3.535122 116.572098 0.739765 -0.496532 0.236658 0.290973 0.000000
4.487497 137.562362 1.705345 -0.346822 0.478982 0.267855 0.000000
3.263237 119.769132 1.613318 -0.923052 0.052155 0.287063 0.000000
2.142484 165.748167 0.164464 -0.359440 0.444295 0.244020 0.000000
2.619974 137.500487 4.044548 0.625351 0.064017 0.267915 0.000000
1.388080 150.635750 5.555768 0.760781 0.231436 0.255968 0.000000
4.401507 166.659591 0.022964 0.116781 0.261505 0.243352 0.000000
4.620707 135.951051 2.646787 -0.724483 0.044907 0.269438 0.000000
4.938224 141.952579 2.634117 0.348951 0.030250 0.263681 0.000000
2.322177 193.077572 2.932671 -0.150607 0.172943 0.226091 0.000000
3.436960 104.455205 2.434968 -0.413062 0.005536 0.307387 0.000000
2.080703 135.017087 4.934601 -0.252651 0.313577 0.270368 0.000000
3.085529 147.311057 5.289117 0.606821 0.073339 0.258840 0.000000
3.805923 157.493961 1.192594 -0.796413 0.169393 0.250333 0.000000
1.938963 181.679066 2.086482 -0.700035 0.424705 0.233076 0.000000
4.490478 105.462304 2.238500 0.047164 0.060529 0.305915 0.000000
2.297816 196.188881 2.722675 0.925662 0.049223 0.224291 0.000000
3.269268 124.980285 4.777853 -0.987153 0.268631 0.281015 0.000000
2.865560 167.218203 0.774102 -0.231095 0.169145 0.242945 0.000000
4.682602 173.502776 6.035293 -0.654356 0.168898 0.238505 0.000000
2.262752 135.141346 1.843326 -0.923528 0.168019 0.270244 0.000000
2.502014 143.543073 0.115861 0.885940 0.311922 0.262216 0.000000
2.607062 141.839033 5.930218 -0.951538 0.181143 0.263786 0.000000
1.454106 173.340236 5.294577 0.015667 0.008208 0.238616 0.000000
4.236244 112.667267 3.288690 0.474577 0.142638 0.295972 0.000000
2.392531 138.877740 1.240065 0.552963 0.266479 0.266584 0.000000
4.008667 116.898492 0.446114 -0.589404 0.253009 0.290566 0.000000
1.542623 175.707187 1.817817 0.043372 0.226957 0.237004 0.000000
4.664307 171.101281 4.022740 -0.555635 0.149571 0.240172 0.000000
4.946468 184.112877 4.605948 -0.412489 0.426826 0.231530 0.000000
1.527993 127.995137 2.542003 -0.459551 0.175231 0.277685 0.000000
2.165644 164.051384 5.330443 -0.479765 0.130733 0.245279 0.000000
1.421054 179.255767 2.293611 -0.428367 0.295011 0.234646 0.000000
4.504911 193.136856 1.406811 0.189340 0.480280 0.226057 0.000000
2.786235 131.980768 2.243813 0.389204 0.137695 0.273460 0.000000
4.260294 115.475672 2.510234 0.971207 0.202898 0.292351 0.000000
1.301689 136.875881 6.054774 -0.229393 0.149230 0.268526 0.000000
4.923682 160.897843 1.671616 -0.872343 0.343389 0.247671 0.000000
4.728937 195.695219 5.022393 -0.870264 0.391508 0.224574 0.000000
4.817903 114.582872 4.085431 -0.004394 0.108008 0.293488 0.000000
1.205882 175.780253 2.187542 0.611400 0.021127 0.236954 0.000000
3.174744 175.134097 1.227969 -0.725162 0.071198 0.237391 0.000000
4.577301 110.930845 2.864377 0.621247 0.489913 0.298280 0.000000
4.035904 107.631621 5.115869 -0.468357 0.368872 0.302817 0.000000
3.431708 141.360600 2.043066 -0.762144 0.193239 0.264232 0.000000
2.467729 170.330862 4.402598 0.915243 0.325191 0.240715 0.000000
2.995888 101.596053 0.883399 0.204886 0.385864 0.311682 0.000000
1.746507 101.769239 4.226838 0.283010 0.068326 0.311416 0.000000
4.515279 104.098594 4.319729 -0.398096 0.234910 0.307913 0.000000
4.473363 109.315100 5.445987 0.597076 0.337240 0.300476 0.000000
4.672212 158.863678 3.399038 -0.780852 0.054097 0.249251 0.000000
4.209943 134.091441 1.847602 0.227887 0.126486 0.271300 0.000000
4.053345 162.539394 4.311275 -0.652931 0.328093 0.246417 0.000000
4.890560 188.070910 4.135916 -0.787541 0.375153 0.229081 0.000000
4.572813 132.256222 3.331413 0.547046 0.265359 0.273176 0.000000
3.029389 130.458853 0.011256 0.702850 0.413276 0.275051 0.000000
3.707177 156.861405 1.180503 -0.582022 0.284488 0.250837 0.000000
4.705671 160.602038 3.178760 0.058712 0.344752 0.247899 0.000000
1.935664 139.822517 4.488680 -0.183558 0.412285 0.265681 0.000000
4.369093 109.308606 4.043561 0.483196 0.283822 0.300485 0.000000
1.981996 170.077216 1.149040 0.438150 0.187741 0.240894 0.000000
2.940391 113.114716 4.624847 0.318936 0.247830 0.295386 0.000000
2.524340 183.159187 0.283251 -0.540042 0.264452 0.232132 0.000000
3.075079 160.936760 0.385349 0.901812 0.493047 0.247641 0.000000
3.119838 123.643816 2.602325 0.324201 0.366058 0.282529 0.000000
2.129925 130.787067 1.432339 -0.946374 0.412158 0.274706 0.000000
1.783790 153.920635 1.858629 0.083522 0.371174 0.253222 0.000000
3.505727 100.512203 5.355777 -0.868202 0.328240 0.313358 0.000000
4.835018 100.592104 0.837885 0.966394 0.072230 0.313233 0.000000
3.500438 154.130080 0.394796 0.521365 0.320695 0.253050 0.000000
3.916879 132.536019 1.804430 0.832348 0.468779 0.272887 0.000000
2.255274 156.187408 3.460587 0.515946 0.259144 0.251378 0.000000
3.859425 160.246570 3.356911 -0.903735 0.461228 0.248174 0.000000
4.710500 183.375260 2.847857 0.296551 0.243827 0.231995 0.000000
1.674029 150.108490 2.045114 -0.690314 0.281765 0.256417 0.000000
3.136056 186.469993 0.577552 -0.463958 0.216282 0.230062 0.000000
2.141597 185.620223 6.032850 0.121123 0.104544 0.230588 0.000000
2.830720 168.203818 4.184601 -0.436828 0.226057 0.242232 0.000000
1.440191 143.910193 4.187805 0.311991 0.287595 0.261881 0.000000
1.735369 175.256102 2.359808 -0.930733 0.247479 0.237309 0.000000
4.543033 151.880775 5.181477 0.855871 0.077094 0.254917 0.000000
4.245535 194.899854 6.209858 -0.450848 0.149410 0.225032 0.000000
4.024506 131.474202 0.215885 0.379440 0.287580 0.273987 0.000000
3.354275 130.567771 1.173805 -0.566901 0.306030 0.274936 0.000000
3.023124 199.215827 5.340499 0.530869 0.147109 0.222581 0.000000
2.363617 134.768228 2.362522 -0.366904 0.328089 0.270618 0.000000
1.138479 142.583560 6.131905 0.921633 0.261212 0.263097 0.000000
4.193808 116.216887 3.618268 -0.390480 0.016843 0.291417 0.000000
4.129179 164.157916 5.713162 -0.399193 0.058164 0.245199 0.000000
3.944947 142.722941 6.233318 0.441755 0.105374 0.262968 0.000000
1.005238 154.211001 2.912309 0.538252 0.056358 0.252983 0.000000
4.329822 148.117481 0.254169 -0.306097 0.060688 0.258135 0.000000
2.679255 142.181378 4.454209 -0.888639 0.413733 0.263468 0.000000
4.212884 150.779482 3.873075 -0.796103 0.125996 0.255846 0.000000
2.488029 163.839620 0.297048 0.783200 0.481017 0.245437 0.000000
1.660444 142.377067 4.512625 0.152632 0.080461 0.263287 0.000000
3.981355 174.042398 0.321581 0.276825 0.450503 0.238135 0.000000
2.715463 148.675433 4.656728 0.746629 0.148152 0.257650 0.000000
2.022393 191.973215 4.025660 -0.591499 0.481975 0.226741 0.000000
1.802074 122.270305 0.733520 0.496280 0.217016 0.284112 0.000000
2.947662 107.462263 1.532823 -0.029499 0.155783 0.303055 0.000000
2.845627 166.420621 3.521245 -0.805581 0.095940 0.243527 0.000000
1.948776 111.182525 1.865541 0.669085 0.070591 0.297942 0.000000
2.616280 165.154261 0.955034 -0.460597 0.239496 0.244458 0.000000
3.418889 170.893421 5.145432 -0.641696 0.245625 0.240318 0.000000
4.508061 186.693589 2.995450 0.967209 0.115023 0.229924 0.000000
4.268214 100.993556 1.338972 -0.569085 0.354282 0.312610 0.000000
4.968276 124.381108 1.372642 -0.009794 0.297720 0.281691 0.000000
4.709710 180.899214 4.792843 0.867219 0.295487 0.233578 0.000000
1.454424 119.878555 2.827478 0.471860 0.454174 0.286932 0.000000
2.574811 139.251393 6.121611 -0.272779 0.005300 0.266226 0.000000
1.075805 116.800394 0.151866 0.706409 0.245943 0.290688 0.000000
3.560499 179.015480 2.201210 -0.884638 0.057101 0.234804 0.000000
3.277262 180.113684 4.579962 0.618445 0.039419 0.234087 0.000000
1.426821 113.901355 2.925630 0.837611 0.342033 0.294364 0.000000
4.249303 146.516937 3.166288 -0.811805 0.139820 0.259541 0.000000
4.760112 193.863390 0.313769 -0.413922 0.085792 0.225633 0.000000
3.537550 140.089554 0.167998 0.947858 0.083011 0.265428 0.000000
4.404123 180.536006 3.307982 -0.153637 0.345215 0.233813 0.000000
3.881420 102.172314 4.111542 -0.937520 0.387244 0.310802 0.000000
4.172827 192.843836 2.209009 0.931709 0.057186 0.226228 0.000000
4.474356 187.614373 2.917552 0.656155 0.333320 0.229360 0.000000
3.185878 181.382644 0.291397 -0.172843 0.263720 0.233266 0.000000
3.209440 137.536332 6.061625 -0.911378 0.009958 0.267881 0.000000
2.752142 166.061017 2.550102 0.082973 0.207918 0.243790 0.000000
4.492564 188.995769 6.053910 -0.367884 0.118862 0.228520 0.000000
4.531792 119.382378 3.332944 0.808109 0.405072 0.287528 0.000000
1.979631 199.036945 0.822973 0.621984 0.060919 0.222681 0.000000
3.555248 146.449838 6.180085 -0.490399 0.398051 0.259600 0.000000
1.222004 111.097247 4.937722 -0.938812 0.008142 0.298056 0.000000
4.510611 103.177861 1.830929 -0.036177 0.264461 0.309283 0.000000
3.740990 140.283606 5.829622 0.624066 0.331285 0.265245 0.000000
1.311877 184.514913 0.339448 -0.588178 0.099632 0.231278 0.000000
2.457768 139.727180 4.635099 0.751066 0.345343 0.265772 0.000000
4.504325 123.618308 1.975309 -0.967899 0.124262 0.282559 0.000000
1.331258 194.422416 1.639117 -0.546990 0.057197 0.225308 0.000000
1.126830 128.431269 2.042480 -0.446537 0.319943 0.277214 0.000000
1.624590 196.041979 4.456837 0.733256 0.419459 0.224375 0.000000
3.903236 144.127428 2.352370 -0.286980 0.328146 0.261684 0.000000
1.704544 161.102594 2.474601 -0.243719 0.302720 0.247513 0.000000
4.383678 136.424503 5.050202 -0.752363 0.257167 0.268970 0.000000
1.145808 186.659709 3.675661 -0.965840 0.054860 0.229945 0.000000
3.978811 146.621074 5.308975 0.471423 0.424400 0.259449 0.000000
2.542090 198.376579 5.312671 -0.727678 0.280621 0.223051 0.000000
2.828309 177.928666 2.335369 0.196037 0.453332 0.235520 0.000000
3.856550 139.672797 2.048170 -0.569459 0.409972 0.265824 0.000000
4.593858 120.948220 2.975451 -0.981283 0.476417 0.285660 0.000000
1.065493 123.208057 6.282314 -0.722449 0.022940 0.283029 0.000000
2.454771 146.759801 2.427336 -0.155012 0.344036 0.259326 0.000000
1.166662 119.806628 4.286941 0.265251 0.052481 0.287018 0.000000
2.268734 143.003065 3.610636 0.100071 0.498807 0.262710 0.000000
1.374536 145.413089 0.505867 0.921779 0.460330 0.260524 0.000000
1.420805 100.921344 0.922623 0.706089 0.257203 0.312722 0.000000
4.401540 141.055350 0.078282 -0.026845 0.189456 0.264518 0.000000
1.970405 117.469937 3.100111 -0.640630 0.270897 0.289859 0.000000
4.917390 187.084410 2.335955 -0.103153 0.306481 0.229684 0.000000
2.035601 121.844938 2.999581 -0.180238 0.104492 0.284607 0.000000
2.232055 155.301078 2.222109 0.957088 0.436000 0.252094 0.000000
2.929792 124.965620 0.940278 0.626272 0.422977 0.281031 0.000000
1.590927 171.511598 3.163220 0.508385 0.308521 0.239885 0.000000
1.345320 172.176362 5.742509 -0.876472 0.322099 0.239421 0.000000
1.623284 113.587319 0.907562 0.935917 0.042427 0.294771 0.000000
4.211649 162.760857 4.569896 0.132801 0.036142 0.246249 0.000000
3.586904 168.418130 3.294856 0.176666 0.301763 0.242078 0.000000
2.992962 188.782760 1.575950 -0.232985 0.105132 0.228649 0.000000
3.017018 145.709484 1.641704 -0.122688 0.037393 0.260259 0.000000
2.450708 125.840975 2.475573 0.633504 0.260798 0.280052 0.000000
3.190863 164.838508 0.178680 0.978286 0.237977 0.244692 0.000000
2.443155 151.610372 5.146250 0.857497 0.492173 0.255144 0.000000
2.333995 124.425995 0.820355 0.352036 0.329405 0.281640 0.000000
4.343915 104.518970 3.937681 -0.297245 0.239479 0.307293 0.000000
2.334996 139.230200 0.919404 0.503689 0.448781 0.266246 0.000000
4.137764 166.970764 4.912481 0.951431 0.083877 0.243125 0.000000
1.274904 193.402442 1.886938 -0.362596 0.194032 0.225901 0.000000
3.585655 135.250654 1.002619 0.669679 0.114545 0.270135 0.000000
1.120601 198.179926 2.091341 -0.030565 0.001612 0.223162 0.000000
2.569789 103.167535 2.509976 0.785197 0.134429 0.309299 0.000000
4.641324 131.861694 0.161016 -0.740483 0.430682 0.273584 0.000000
2.258431 119.777110 1.160551 0.084863 0.406019 0.287054 0.000000
1.871061 197.183010 3.647069 -0.189247 0.394774 0.223725 0.000000
2.903839 199.069383 1.470690 0.182763 0.201215 0.222663 0.000000
1.001868 106.740499 2.649279 0.448903 0.115251 0.304078 0.000000
3.326293 163.139092 5.648131 0.615963 0.413049 0.245964 0.000000
1.074402 118.049648 5.859183 -0.421637 0.444899 0.289146 0.000000
4.677182 121.404064 3.560281 -0.672159 0.425663 0.285124 0.000000
4.373472 165.909227 5.132498 -0.652503 0.208274 0.243902 0.000000
3.682432 199.323572 2.295020 -0.694807 0.454186 0.222521 0.000000
1.631855 197.034709 2.545279 0.457289 0.477636 0.223809 0.000000
3.422266 106.433660 0.580789 -0.700436 0.142373 0.304516 0.000000
2.725723 150.203725 0.797424 0.787095 0.214364 0.256336 0.000000
1.425272 195.777848 5.089738 -0.686813 0.037128 0.224527 0.000000
4.546579 192.566812 1.416941 0.413204 0.469588 0.226391 0.000000
1.362384 155.558755 3.400664 -0.761513 0.345355 0.251885 0.000000
1.103286 132.475083 2.168952 0.736199 0.349179 0.272950 0.000000
2.727602 144.672676 1.172259 0.083836 0.247132 0.261190 0.000000
3.500305 187.855158 5.381224 0.329364 0.225055 0.229213 0.000000
2.867511 185.183161 4.117439 0.977822 0.499985 0.230860 0.000000
2.438729 108.153931 0.936767 -0.415794 0.122980 0.302085 0.000000
1.996196 191.386107 5.888453 -0.623016 0.412822 0.227088 0.000000
3.471453 103.371922 1.666252 0.996674 0.164247 0.308993 0.000000
2.733190 146.505811 1.087120 -0.235712 0.477791 0.259551 0.000000
3.378648 182.165844 4.508474 0.580732 0.019744 0.232764 0.000000
4.918146 153.569510 2.259207 -0.182910 0.286947 0.253511 0.000000
3.916046 118.981322 5.763386 0.385249 0.419912 0.288012 0.000000
4.630729 106.557238 3.869561 -0.428726 0.031971 0.304340 0.000000
2.815965 126.061610 5.875186 0.531033 0.096718 0.279807 0.000000
4.670058 109.500427 3.582111 0.013246 0.473893 0.300222 0.000000
3.347854 130.091896 2.368901 -0.554082 0.364000 0.275439 0.000000
2.476744 173.555947 1.526564 0.533138 0.320466 0.238468 0.000000
3.332953 197.330639 4.847612 0.811858 0.416261 0.223642 0.000000
2.824278 118.686528 1.825438 -0.762742 0.484573 0.288369 0.000000
4.917447 152.198771 2.840317 0.378634 0.466007 0.254650 0.000000
3.071080 174.596843 0.788645 -0.867953 0.473176 0.237756 0.000000
4.281367 107.178799 1.889357 0.841669 0.411232 0.303456 0.000000
4.076834 133.429395 2.838051 0.202634 0.215642 0.271972 0.000000
4.358180 194.418973 4.439926 0.027553 0.073399 0.225310 0.000000
1.358663 150.887764 5.561872 -0.955490 0.486443 0.255754 0.000000
2.058898 106.962389 5.466214 -0.798603 0.268785 0.303763 0.000000
3.481202 137.993145 4.877135 0.278309 0.437596 0.267437 0.000000
3.319274 175.103468 1.991688 0.600377 0.273256 0.237412 0.000000
1.521198 177.401666 5.013280 -0.399601 0.447303 0.235869 0.000000
4.046137 108.688635 3.127412 0.627267 0.473198 0.301341 0.000000
3.963227 110.069492 2.258279 0.846413 0.437905 0.299445 0.000000
1.240225 170.070502 4.531574 0.287057 0.106779 0.240899 0.000000
2.023245 163.179314 4.480898 -0.646356 0.422238 0.245933 0.000000
4.283059 103.240297 1.895663 0.858908 0.460717 0.309190 0.000000
2.745390 102.639466 1.347356 -0.143097 0.450704 0.310094 0.000000
4.226087 135.774041 5.425292 0.023513 0.387566 0.269613 0.000000
3.333676 128.465923 3.366947 0.693049 0.034036 0.277176 0.000000
3.479195 128.861977 4.959996 0.569514 0.025451 0.276750 0.000000
3.636649 118.748110 1.768343 0.729660 0.307597 0.288295 0.000000
2.684505 157.728838 5.181597 -0.521401 0.280140 0.250146 0.000000
4.004676 113.809609 4.887738 -0.876563 0.081809 0.294483 0.000000
1.648693 120.961762 4.646208 0.760885 0.289840 0.285644 0.000000
4.227380 168.624994 3.419768 0.968262 0.139592 0.241930 0.000000
2.227178 193.745431 4.258013 -0.971567 0.375365 0.225701 0.000000
3.324581 122.203122 3.934033 -0.375917 0.153031 0.284190 0.000000
3.515689 105.538171 0.412034 -0.548791 0.060322 0.305805 0.000000
2.271276 127.284964 0.908475 0.223759 0.404208 0.278459 0.000000
1.279595 178.765517 1.350657 -0.692505 0.054941 0.234968 0.000000
3.944466 171.074000 4.892704 0.378877 0.199763 0.240192 0.000000
4.935530 101.051511 6.134827 0.117230 0.436425 0.312520 0.000000
2.135002 142.108163 4.151797 0.694231 0.384973 0.263536 0.000000
2.150576 134.546596 6.129575 0.695878 0.145184 0.270840 0.000000
1.990423 140.085396 1.861733 0.457598 0.325291 0.265432 0.000000
4.648186 109.576332 1.547836 -0.039737 0.121867 0.300118 0.000000
3.032216 141.003464 5.081744 0.948589 0.164266 0.264567 0.000000
4.336445 148.649173 0.112940 -0.517724 0.085141 0.257673 0.000000
1.952943 171.476665 5.152403 0.042008 0.010185 0.239909 0.000000
3.197363 116.694396 3.819473 0.165244 0.089058 0.290820 0.000000
4.159485 110.552315 2.674218 -0.033806 0.056209 0.298790 0.000000
4.442864 155.508360 4.757326 0.118942 0.275934 0.251926 0.000000
3.539679 105.917152 4.171159 -0.255148 0.080957 0.305258 0.000000
1.034522 141.189997 5.755768 0.191682 0.475844 0.264392 0.000000
4.458527 112.333342 6.263299 0.390910 0.086420 0.296412 0.000000
1.564959 130.680104 3.900392 -0.529356 0.416228 0.274818 0.000000
1.821292 162.721056 4.860757 0.563442 0.292709 0.246279 0.000000
3.615691 195.403164 1.956613 0.241895 0.238825 0.224742 0.000000
4.440179 170.161847 1.814466 0.051494 0.178193 0.240835 0.000000
2.348562 146.053650 1.192157 -0.915493 0.237047 0.259952 0.000000
3.737770 127.562386 4.645102 -0.228091 0.253181 0.278156 0.000000
3.794058 149.881139 0.777109 -0.896749 0.082676 0.256612 0.000000
2.260257 190.829399 2.334206 0.473302 0.234548 0.227419 0.000000
4.946630 116.064293 0.619838 -0.924987 0.287793 0.291609 0.000000
2.605476 128.594055 4.568127 -0.166912 0.100780 0.277038 0.000000
4.870826 184.152769 3.569421 -0.096989 0.324383 0.231505 0.000000
2.549479 189.982985 5.186850 -0.805849 0.333235 0.227925 0.000000
1.924139 165.976421 2.950999 0.718241 0.213219 0.243852 0.000000
2.629952 159.800612 4.422603 -0.891200 0.206828 0.248520 0.000000
1.850903 170.687569 5.839896 0.530683 0.146513 0.240463 0.000000
1.239142 136.941767 5.395469 -0.219979 0.418140 0.268461 0.000000
1.678574 108.822880 3.693829 0.677437 0.290088 0.301155 0.000000
4.053500 163.988688 1.519713 -0.189374 0.106360 0.245326 0.000000
4.353215 150.740601 5.723418 -0.059683 0.477259 0.255879 0.000000
4.571348 124.807911 0.973200 0.981017 0.302993 0.281209 0.000000
4.338441 155.777643 5.632603 -0.379751 0.186238 0.251708 0.000000
2.265515 168.212197 3.021637 -0.855214 0.114629 0.242226 0.000000
1.477080 144.178779 6.017014 -0.875840 0.003843 0.261637 0.000000
1.283791 120.550746 0.619127 -0.950184 0.251895 0.286131 0.000000
4.088432 167.409064 2.222526 -0.829434 0.322136 0.242807 0.000000
1.820865 182.897073 2.461518 -0.124502 0.120717 0.232299 0.000000
2.395618 133.691419 1.215604 0.456945 0.045346 0.271705 0.000000
2.992308 117.904859 3.209302 0.388261 0.164208 0.289324 0.000000
3.118655 193.887966 5.633164 0.573470 0.173594 0.225618 0.000000
2.926746 189.622688 3.780240 0.789831 0.126504 0.228142 0.000000
1.656303 188.808613 6.250713 -0.812078 0.038454 0.228633 0.000000
4.896241 114.993526 5.336910 -0.309937 0.071583 0.292963 0.000000
4.572549 138.086708 2.730693 0.622983 0.118875 0.267346 0.000000
3.583094 115.452691 5.458335 0.598137 0.373293 0.292380 0.000000
4.036513 132.240950 3.401453 -0.693892 0.265647 0.273191 0.000000
2.307739 174.306005 3.246950 -0.767868 0.430734 0.237954 0.000000
1.758864 112.727998 6.276656 0.851940 0.406528 0.295893 0.000000
3.703372 198.440259 3.206869 -0.606443 0.236537 0.223015 0.000000
1.144927 126.669993 3.656479 -0.064885 0.363776 0.279134 0.000000
1.305150 190.660052 5.461682 -0.368589 0.264676 0.227520 0.000000
1.778169 169.687988 2.233639 0.970667 0.108872 0.241171 0.000000
3.792741 147.868178 3.303354 -0.326773 0.195229 0.258352 0.000000
2.925907 103.855254 1.042166 -0.937447 0.127363 0.308273 0.000000
1.964880 104.603339 3.078713 -0.883544 0.286268 0.307169 0.000000
3.328239 103.768984 0.366177 -0.981057 0.117594 0.308401 0.000000
3.596230 131.030517 5.359928 -0.002192 0.002930 0.274450 0.000000
2.135055 193.608027 6.199634 -0.453886 0.040985 0.225781 0.000000
1.607295 157.831675 4.314436 0.951929 0.321606 0.250065 0.000000
3.989655 118.130379 3.216101 0.139687 0.498889 0.289047 0.000000
1.659610 135.145099 3.111121 0.172630 0.346154 0.270240 0.000000
3.004477 120.405244 6.236225 -0.426522 0.015706 0.286304 0.000000
4.865370 165.415306 3.504936 -0.758038 0.409792 0.244265 0.000000
1.027076 179.077343 6.172479 0.341272 0.386107 0.234763 0.000000
2.224791 193.517774 1.632682 -0.571208 0.170153 0.225834 0.000000
2.978034 198.444206 0.942315 0.530493 0.453282 0.223013 0.000000
1.231893 106.206834 0.293081 -0.546268 0.387567 0.304841 0.000000
4.171818 179.761093 2.573344 0.175800 0.017394 0.234316 0.000000
1.265914 190.486455 1.579955 -0.122699 0.095812 0.227624 0.000000
4.238464 188.771693 4.675873 0.643654 0.190764 0.228655 0.000000
2.972228 122.691652 3.268108 0.818644 0.316496 0.283624 0.000000
1.927231 190.427356 5.178528 -0.038022 0.224307 0.227659 0.000000
4.148867 127.725116 3.833121 -0.844357 0.316632 0.277979 0.000000
4.645561 101.144709 1.679744 -0.333885 0.422920 0.312376 0.000000
4.474325 116.138215 1.836867 -0.706131 0.160851 0.291516 0.000000
1.042307 141.385640 0.085718 0.709666 0.369991 0.264209 0.000000
2.103717 179.827178 3.154609 -0.579491 0.155358 0.234273 0.000000
2.903631 193.724784 3.995618 0.621202 0.233817 0.225713 0.000000
4.230050 190.672336 4.137211 0.960087 0.444321 0.227513 0.000000
4.611098 103.606400 1.311475 0.526340 0.010255 0.308643 0.000000
3.585705 137.572528 0.034569 0.845452 0.163249 0.267845 0.000000
4.134030 151.192531 1.448312 -0.588223 0.289994 0.255496 0.000000
2.730587 173.812612 3.186610 0.019064 0.293085 0.238292 0.000000
2.450259 103.996331 2.940004 0.205458 0.176761 0.308064 0.000000
4.219948 174.343821 2.114118 0.304326 0.188137 0.237929 0.000000
2.675957 128.547995 0.425180 -0.774314 0.024767 0.277088 0.000000
3.529972 164.281335 0.124533 -0.093170 0.227821 0.245107 0.000000
1.587765 131.365117 2.966911 -0.809069 0.242658 0.274101 0.000000
1.360408 133.282456 0.853058 -0.763563 0.008935 0.272122 0.000000
2.699618 130.090907 1.952957 0.983749 0.276128 0.275440 0.000000
4.036354 166.423109 6.271680 0.727014 0.060598 0.243525 0.000000
4.668274 143.743943 3.141617 -0.526962 0.359092 0.262032 0.000000
2.234522 169.023517 2.160943 0.478326 0.241301 0.241644 0.000000
1.988893 136.713266 2.377744 -0.792694 0.078154 0.268686 0.000000
3.828325 192.546410 3.705380 0.116151 0.431452 0.226403 0.000000
2.668748 154.483968 1.701526 -0.543640 0.443119 0.252760 0.000000
1.962629 171.600956 4.337871 0.210303 0.458124 0.239823 0.000000
3.421838 119.093830 0.416583 -0.063050 0.161419 0.287876 0.000000
1.257556 194.872428 2.101606 -0.384953 0.291392 0.225048 0.000000
3.236766 110.986027 3.044638 -0.878277 0.233337 0.298206 0.000000
4.168808 149.818958 0.934469 0.856021 0.459452 0.256665 0.000000
4.005087 122.037231 1.553011 -0.070353 0.356143 0.284383 0.000000
2.883331 102.237117 0.779841 0.361220 0.442581 0.310703 0.000000
3.485997 193.504866 5.418793 0.696980 0.143691 0.225842 0.000000
3.950037 122.230546 5.771480 -0.836850 0.071383 0.284158 0.000000
4.678175 192.601438 3.624148 0.998529 0.060449 0.226371 0.000000
1.122932 164.823220 4.980740 -0.680014 0.392670 0.244704 0.000000
4.446416 159.949731 3.314580 0.798034 0.213814 0.248404 0.000000
2.726904 165.311628 0.868095 0.493921 0.409028 0.244342 0.000000
4.776129 148.897398 5.207685 0.086021 0.080289 0.257458 0.000000
3.788424 180.150688 5.981667 0.076768 0.195339 0.234063 0.000000
1.964533 196.546902 0.157042 -0.904758 0.242821 0.224087 0.000000
1.651606 167.473651 5.179848 0.301404 0.432883 0.242760 0.000000
3.402221 127.770026 4.024798 -0.531085 0.335411 0.277930 0.000000
3.567607 103.042682 3.973272 0.821942 0.301000 0.309486 0.000000
2.976974 121.053203 3.800620 -0.017412 0.088939 0.285537 0.000000
2.073842 187.875392 5.009719 -0.823435 0.313702 0.229200 0.000000
3.173604 185.339569 0.431131 0.957672 0.282932 0.230763 0.000000
4.458308 118.348870 1.576150 0.784368 0.313771 0.288780 0.000000
4.646149 164.010697 3.436667 0.346397 0.350879 0.245309 0.000000
4.140939 157.581068 5.216993 0.117468 0.147931 0.250264 0.000000
2.701573 139.017544 5.142330 -0.842420 0.173142 0.266450 0.000000
1.343614 138.644630 2.421732 0.652354 0.043136 0.266808 0.000000
2.493363 129.604692 4.472143 0.641205 0.205847 0.275956 0.000000
1.070774 104.989783 3.350721 -0.247516 0.464906 0.306603 0.000000
3.510232 108.280107 0.825643 -0.954761 0.466718 0.301909 0.000000
3.587850 113.750954 1.763348 0.379790 0.319265 0.294559 0.000000
3.337319 160.227914 1.255535 0.179833 0.405005 0.248188 0.000000
4.095641 149.189531 3.780370 -0.660263 0.280303 0.257206 0.000000
2.841918 188.937899 2.142802 -0.707742 0.172358 0.228555 0.000000
4.489984 118.802932 2.229822 -0.430201 0.129668 0.288228 0.000000
1.589052 140.854720 5.527572 -0.482944 0.342736 0.264706 0.000000
2.314536 192.804625 5.317092 -0.468538 0.150996 0.226251 0.000000
2.771015 161.147912 5.741015 -0.683588 0.223212 0.247479 0.000000
200000.000000 0.000000 0.000000 0.000000 0.000000 0.000000 0.000000
