3.773602 2.559254 0.918422 -0.945332 0.857548 1.534652 0.000000
2.008836 4.854892 0.033322 -0.488712 0.212665 0.587368 0.000000
3.501436 2.442877 5.629257 0.488668 0.822590 1.645612 0.000000
4.811711 0.708666 4.594373 0.827728 0.564035 10.532152 0.000000
1.527861 0.224744 1.909054 0.877346 0.067914 58.972358 0.000000
3.467470 6.449534 3.947106 -0.791586 0.868141 0.383608 0.000000
3.559899 4.458525 5.379890 0.676684 0.592356 0.667411 0.000000
3.830655 0.222056 3.650369 0.066811 0.764239 60.046199 0.000000
2.224791 6.787064 0.719013 0.309436 0.654415 0.355351 0.000000
3.228129 3.105222 6.140045 -0.397124 0.191208 1.148262 0.000000
4.069972 1.755478 4.481314 0.300192 0.780060 2.701387 0.000000
3.806479 5.733331 3.759062 -0.552219 0.764831 0.457688 0.000000
3.338620 4.786433 2.915766 0.685416 0.274702 0.600015 0.000000
3.663233 5.551149 4.284800 0.574703 0.911170 0.480403 0.000000
2.527385 4.367504 5.669129 -0.619670 0.818346 0.688383 0.000000
1.826241 1.341208 5.382095 -0.639006 0.463367 4.045160 0.000000
4.714045 3.713217 2.201165 0.383011 0.924500 0.878121 0.000000
4.788224 0.259614 3.815577 -0.923102 0.306532 47.499228 0.000000
4.948580 3.234013 4.725877 0.019559 0.462982 1.080357 0.000000
2.723907 3.173596 0.015532 -0.365956 0.748521 1.111354 0.000000
3.696970 6.335645 0.536669 0.733656 0.107409 0.393998 0.000000
2.667691 3.606368 0.105599 -0.653313 0.151985 0.917434 0.000000
3.265980 1.484123 1.107168 0.726097 0.190366 3.475162 0.000000
4.580084 0.309328 4.441809 -0.639083 0.731090 36.521652 0.000000
3.303105 6.819177 4.095207 -0.628042 0.694985 0.352843 0.000000
2.277931 4.097196 4.280375 0.124536 0.769871 0.757617 0.000000
4.480784 3.938971 1.404422 0.212014 0.451652 0.803722 0.000000
2.847371 3.836474 2.547485 -0.470799 0.017699 0.836145 0.000000
3.986045 5.529197 1.671721 -0.973726 0.603592 0.483267 0.000000
2.828119 5.614778 5.736334 -0.710604 0.795588 0.472260 0.000000
4.096809 5.715441 1.220497 -0.965301 0.299115 0.459838 0.000000
2.924932 0.368832 3.609942 0.999483 0.936951 28.050225 0.000000
3.459012 0.009067 5.750480 0.635208 0.174472 7277.373089 0.000000
3.475013 0.115343 1.831655 -0.586331 0.126732 160.396618 0.000000
2.359864 4.015850 4.578266 0.135434 0.958406 0.780753 0.000000
1.900977 2.381381 1.032591 -0.261118 0.405261 1.709765 0.000000
1.172878 4.230277 3.051266 -0.551158 0.363959 0.722149 0.000000
2.880100 1.318939 0.927381 0.357189 0.933227 4.148039 0.000000
2.956489 0.315284 3.249068 0.444785 0.119250 35.491724 0.000000
2.476450 0.802174 3.432940 -0.322400 0.493485 8.745344 0.000000
3.791694 2.040345 6.268054 -0.867931 0.917288 2.155879 0.000000
3.119592 0.462732 5.133836 -0.294260 0.617157 19.961140 0.000000
4.306405 5.117415 2.173167 0.568453 0.659870 0.542755 0.000000
1.589908 5.799855 4.339518 0.078503 0.326386 0.449836 0.000000
3.450704 5.636702 0.783923 -0.859662 0.182554 0.469507 0.000000
1.607277 5.099241 3.403139 -0.055325 0.726899 0.545659 0.000000
3.272907 0.079143 3.853874 -0.056901 0.730881 282.201395 0.000000
4.740285 3.983408 1.045471 0.073095 0.099410 0.790310 0.000000
3.931200 6.939415 1.408700 0.200898 0.554824 0.343713 0.000000
4.925186 1.561071 3.610371 -0.120779 0.568206 3.221408 0.000000
2.629009 1.100887 5.264855 0.483800 0.292365 5.439583 0.000000
2.649096 2.506311 5.495031 -0.410327 0.959828 1.583534 0.000000
4.860584 6.040680 4.382505 0.335973 0.466044 0.423205 0.000000
1.193629 6.558541 1.707100 0.502195 0.254706 0.374084 0.000000
4.708014 4.093520 1.033078 -0.235440 0.742331 0.758638 0.000000
3.406321 6.165569 5.556238 0.408035 0.727099 0.410412 0.000000
3.861192 1.978716 3.619904 -0.754816 0.753498 2.257381 0.000000
4.680921 2.171911 1.661593 -0.404701 0.403447 1.962985 0.000000
4.205102 4.801683 1.516995 0.214596 0.627275 0.597158 0.000000
4.604269 1.746858 4.257631 0.643248 0.055690 2.721408 0.000000
1.481232 4.546906 2.209712 0.313178 0.593797 0.648046 0.000000
2.190687 2.750373 0.204898 0.804684 0.693331 1.377503 0.000000
1.221316 4.162332 3.433494 -0.296994 0.294546 0.739903 0.000000
3.140363 4.983077 5.604890 0.687622 0.962184 0.564850 0.000000
2.501726 3.255868 2.353325 0.572004 0.798607 1.069497 0.000000
1.028879 0.335415 2.343000 0.930789 0.660870 32.344861 0.000000
3.128431 1.399173 2.268820 0.347132 0.751419 3.796405 0.000000
2.072024 1.035651 3.641208 0.931065 0.561720 5.961554 0.000000
3.342633 2.012756 3.784275 0.439185 0.651658 2.200357 0.000000
1.169479 3.177829 5.951917 0.396526 0.301848 1.109134 0.000000
4.068299 2.616293 1.099209 -0.696903 0.525395 1.484740 0.000000
1.356928 3.612617 2.038628 0.718171 0.457124 0.915055 0.000000
2.407721 3.561592 3.081839 -0.332605 0.525198 0.934789 0.000000
3.439097 2.516442 4.543199 0.072898 0.389561 1.573981 0.000000
2.659031 5.681090 2.232819 0.977635 0.091720 0.464015 0.000000
4.345380 5.114963 5.980126 -0.666519 0.103187 0.543145 0.000000
2.769531 3.162605 3.279578 -0.051846 0.005974 1.117153 0.000000
2.725133 1.022192 0.096063 0.046739 0.212516 6.079685 0.000000
1.667236 2.085084 5.891590 0.718366 0.188793 2.086866 0.000000
3.545077 4.330632 5.893460 0.501934 0.549925 0.697193 0.000000
4.123378 4.183085 5.806424 0.982506 0.198726 0.734404 0.000000
2.531276 4.912124 4.987420 0.847858 0.005737 0.577133 0.000000
1.361034 1.311617 1.277136 -0.567096 0.868622 4.182822 0.000000
2.905907 1.107119 2.930533 -0.365593 0.646456 5.393720 0.000000
4.927372 3.609225 4.323035 -0.992828 0.012856 0.916345 0.000000
2.506635 0.638633 3.073981 0.142288 0.331742 12.311261 0.000000
4.247610 6.892295 4.663140 0.129087 0.679891 0.347244 0.000000
2.434694 5.696914 6.210571 -0.644165 0.558588 0.462083 0.000000
1.027493 1.406562 0.493322 -0.084563 0.555036 3.766532 0.000000
4.919042 4.189706 0.013528 0.802669 0.985511 0.732663 0.000000
1.081008 1.421660 6.028284 -0.419246 0.534039 3.706691 0.000000
4.168779 3.770888 5.816994 0.734159 0.280110 0.858054 0.000000
3.584996 1.254369 1.206166 0.421608 0.548447 4.472414 0.000000
3.702825 2.848283 1.840084 -0.673551 0.117424 1.307089 0.000000
1.006124 1.440757 3.343254 0.367011 0.300993 3.633236 0.000000
4.373254 3.168010 2.929259 -0.084984 0.647842 1.114294 0.000000
2.879760 5.057281 1.853134 0.655426 0.146374 0.552464 0.000000
2.811615 5.196574 3.041573 0.022894 0.273541 0.530401 0.000000
4.068144 1.506830 2.549122 0.255318 0.790741 3.396907 0.000000
1.909818 6.037313 0.435162 -0.021395 0.481570 0.423559 0.000000
4.859141 5.366816 0.060290 -0.246376 0.113517 0.505365 0.000000
2.399510 5.275434 0.681415 0.966094 0.486066 0.518552 0.000000
3.033047 6.961853 3.038937 0.439991 0.655120 0.342052 0.000000
1.545200 0.800369 2.248816 -0.302488 0.019071 8.774954 0.000000
4.279042 0.906235 3.082926 0.603816 0.085696 7.283143 0.000000
2.353306 2.648862 2.617557 -0.215158 0.887649 1.457441 0.000000
4.200902 0.205323 0.939076 -0.688846 0.469667 67.534075 0.000000
1.516644 6.674722 0.904138 0.208789 0.159896 0.364360 0.000000
3.077513 0.013143 0.350811 -0.492471 0.904589 4169.907489 0.000000
3.167641 2.221323 0.734641 0.931033 0.009592 1.897852 0.000000
2.844199 5.894663 6.057725 -0.267897 0.279665 0.439027 0.000000
4.630542 2.912418 2.998775 -0.861400 0.359590 1.264152 0.000000
1.298814 2.729164 6.136218 -0.492472 0.067471 1.393592 0.000000
1.478879 3.253795 0.800868 0.756620 0.202694 1.070520 0.000000
2.638021 5.232047 4.560188 0.167125 0.026845 0.525016 0.000000
3.214274 1.040325 3.952918 0.543804 0.674275 5.921423 0.000000
3.443070 1.199688 0.849300 0.066980 0.788812 4.781648 0.000000
4.997965 4.642103 5.654689 -0.266771 0.341863 0.628214 0.000000
4.655908 1.844700 1.818551 -0.073505 0.945827 2.507791 0.000000
4.144285 0.850056 2.338287 -0.443573 0.229162 8.016932 0.000000
3.927376 0.580212 3.035147 -0.157750 0.719900 14.216722 0.000000
4.531791 2.152386 3.911631 -0.285809 0.410072 1.989755 0.000000
4.468030 4.248865 0.193134 -0.788577 0.618335 0.717415 0.000000
2.880436 6.989052 5.612614 0.959077 0.993741 0.340058 0.000000
4.232646 3.539740 2.958370 0.731682 0.117026 0.943459 0.000000
2.228814 3.569922 5.884510 0.558179 0.048995 0.931519 0.000000
4.413575 3.207515 4.483795 -0.024145 0.418746 1.093772 0.000000
3.783247 6.901319 3.034347 0.325087 0.353039 0.346563 0.000000
2.584635 6.747729 6.059321 0.216713 0.562884 0.358462 0.000000
1.894190 2.503600 5.022213 -0.480706 0.369028 1.586107 0.000000
3.349751 6.927737 2.375447 0.761976 0.078692 0.344582 0.000000
4.035804 1.737964 4.323804 -0.954609 0.614642 2.742324 0.000000
4.022653 2.650483 2.264624 0.292620 0.731609 1.456104 0.000000
1.541371 0.863774 6.168633 -0.975044 0.518520 7.826718 0.000000
1.334903 0.668744 2.371119 0.758111 0.613076 11.489218 0.000000
3.711929 1.896806 1.208203 0.279972 0.344183 2.405168 0.000000
2.639711 3.515821 3.839655 -0.823464 0.886783 0.953103 0.000000
4.350327 6.970317 2.975055 0.000368 0.540633 0.341429 0.000000
4.312513 3.444512 5.095765 0.138861 0.286978 0.982852 0.000000
1.527946 0.730082 0.933473 -0.953437 0.754737 10.072164 0.000000
4.129884 6.021364 0.212226 -0.335202 0.657339 0.425243 0.000000
4.378353 4.958743 2.272114 0.011762 0.217182 0.569013 0.000000
3.425751 3.417023 3.560207 -0.459259 0.726227 0.994736 0.000000
1.562246 5.168181 3.449170 0.808291 0.501403 0.534778 0.000000
4.638781 3.651173 5.802339 0.870497 0.694321 0.900599 0.000000
4.536042 4.592624 3.384169 0.051290 0.835631 0.638394 0.000000
4.175127 6.740118 3.161817 0.602061 0.771745 0.359070 0.000000
4.201627 6.000770 0.119215 -0.111086 0.011729 0.427434 0.000000
1.194048 4.112115 5.542991 -0.541915 0.395814 0.753498 0.000000
4.794557 0.534861 3.104807 0.033399 0.544695 16.062685 0.000000
4.038962 3.648225 2.751624 -0.449944 0.505444 0.901690 0.000000
3.411251 5.213850 5.243163 -0.631775 0.246838 0.527767 0.000000
3.908788 0.727513 3.472219 -0.023503 0.779783 10.125560 0.000000
3.216948 2.222205 1.246475 -0.870520 0.808957 1.896722 0.000000
3.419271 3.769972 6.144473 -0.771398 0.564479 0.858366 0.000000
3.197330 4.852702 1.989429 -0.626484 0.187588 0.587766 0.000000
3.668923 2.363486 1.008381 0.565607 0.538009 1.729220 0.000000
1.613691 5.727249 3.997940 -0.523647 0.428179 0.458417 0.000000
3.921574 1.192748 5.028388 0.694449 0.231763 4.823440 0.000000
4.524013 3.664686 1.552891 0.676316 0.050040 0.895622 0.000000
3.544057 4.689390 2.535389 0.630435 0.436944 0.618736 0.000000
3.349667 1.543689 5.153495 -0.800487 0.203989 3.275972 0.000000
1.579883 6.058517 4.637301 0.467374 0.001826 0.421338 0.000000
2.753301 2.029057 3.571156 0.356385 0.752498 2.173894 0.000000
2.107262 0.204896 2.666577 -0.983988 0.134001 67.745376 0.000000
1.888459 4.335952 3.728100 0.350454 0.116360 0.695910 0.000000
1.318222 0.923249 2.668962 0.712288 0.164600 7.082747 0.000000
3.063557 3.624334 3.709193 0.544550 0.192265 0.910621 0.000000
4.527202 1.544936 3.699996 -0.265676 0.170054 3.272006 0.000000
1.386253 3.895789 3.438468 0.031681 0.723893 0.817122 0.000000
4.731789 5.619528 5.218483 -0.453027 0.319635 0.471661 0.000000
4.813114 6.359844 5.529848 -0.316292 0.037969 0.391751 0.000000
4.921701 3.053084 1.575019 0.145033 0.291868 1.177801 0.000000
1.456502 3.511890 0.654781 -0.901568 0.659751 0.954704 0.000000
2.936011 0.790759 2.944878 0.423773 0.673767 8.935398 0.000000
2.671813 1.967958 4.594254 -0.013782 0.218500 2.275916 0.000000
3.492255 3.170275 0.545609 -0.772656 0.091787 1.113101 0.000000
2.683830 5.468132 3.105269 0.817312 0.733928 0.491384 0.000000
3.142524 2.912288 3.937030 0.068437 0.859001 1.264237 0.000000
4.061462 4.055648 0.228840 0.222767 0.505224 0.769289 0.000000
4.840354 2.088783 1.611262 0.938096 0.211921 2.081325 0.000000
4.045867 6.810984 3.652623 0.069029 0.904661 0.353480 0.000000
1.453315 6.565041 0.411499 -0.797136 0.744722 0.373528 0.000000
4.177232 1.863696 3.627837 -0.526601 0.947589 2.469546 0.000000
3.520723 0.166386 6.036415 0.038429 0.138643 92.577709 0.000000
2.038271 5.534879 3.241399 0.115563 0.925995 0.482523 0.000000
1.687869 2.182990 3.188292 0.317317 0.247629 1.948060 0.000000
3.364851 0.463308 4.538894 0.899429 0.174767 19.923931 0.000000
2.344442 3.528035 6.250528 -0.285263 0.600042 0.948158 0.000000
4.586137 4.958088 3.847794 -0.745815 0.540555 0.569126 0.000000
1.245641 4.420134 1.432363 0.958425 0.131853 0.676125 0.000000
4.862799 6.849040 5.349830 -0.741531 0.248800 0.350538 0.000000
3.313552 2.378564 1.403057 -0.820575 0.598578 1.712804 0.000000
2.676505 5.692385 5.541397 -0.549355 0.433185 0.462635 0.000000
2.380187 1.058055 5.679138 -0.135666 0.135367 5.773213 0.000000
3.369328 6.382420 1.441667 -0.242994 0.607458 0.389674 0.000000
1.508794 0.817173 6.259443 -0.334641 0.681023 8.505674 0.000000
3.769044 3.521783 4.980244 -0.556291 0.270537 0.950684 0.000000
1.626881 4.082036 5.503610 -0.088383 0.598243 0.761841 0.000000
3.696352 1.475161 4.579097 -0.969054 0.612221 3.506879 0.000000
2.371432 4.061620 5.186761 -0.002028 0.845429 0.767593 0.000000
2.045505 1.720121 1.917758 -0.803139 0.466309 2.785103 0.000000
3.401486 5.822481 5.751923 -0.529441 0.036509 0.447216 0.000000
1.093205 1.147945 4.932650 0.110928 0.216002 5.108555 0.000000
2.453930 6.368169 2.256394 0.407439 0.744264 0.390983 0.000000
2.016439 0.739401 3.131598 0.764601 0.309447 9.882347 0.000000
3.891375 6.988021 0.503215 -0.377300 0.911774 0.340133 0.000000
4.780846 4.856157 0.506569 0.693503 0.365474 0.587139 0.000000
3.173050 2.793315 4.792418 0.376021 0.482644 1.345860 0.000000
4.750303 4.921020 3.231475 0.795679 0.941085 0.575569 0.000000
4.556312 3.052366 1.490861 -0.043260 0.177237 1.178216 0.000000
2.082925 6.714615 5.710596 0.364846 0.483683 0.361117 0.000000
1.103015 1.376273 3.767292 0.290913 0.345894 3.891553 0.000000
1.615508 6.280682 0.259226 0.277338 0.917720 0.399181 0.000000
3.574828 1.457220 2.398044 0.325438 0.808687 3.571842 0.000000
1.800368 5.912584 3.133923 -0.401760 0.242369 0.437033 0.000000
3.525275 6.040639 1.319340 0.901319 0.096271 0.423210 0.000000
3.078647 4.349131 0.178009 0.616009 0.886105 0.692749 0.000000
2.683710 5.373420 4.698749 0.402380 0.967177 0.504433 0.000000
4.698690 1.395367 4.469760 -0.135231 0.492440 3.811949 0.000000
1.189625 3.326583 2.085770 -0.119922 0.973142 1.035577 0.000000
4.712659 4.423617 0.057587 -0.941017 0.530732 0.675326 0.000000
4.322953 2.476958 4.087834 0.400504 0.151953 1.611766 0.000000
1.572827 6.977872 0.222140 0.343375 0.640429 0.340875 0.000000
1.839658 3.539589 1.490182 0.024420 0.902525 0.943519 0.000000
1.673857 0.096426 3.380073 -0.857780 0.261669 209.841142 0.000000
3.892161 2.543420 4.412929 -0.287326 0.639295 1.549005 0.000000
4.628030 4.971660 5.857300 -0.494048 0.973251 0.566797 0.000000
2.687493 5.429710 5.715275 -0.369073 0.638194 0.496609 0.000000
4.126330 6.268333 3.208570 0.839664 0.895606 0.400361 0.000000
2.173481 4.698614 0.024507 -0.745144 0.802577 0.616915 0.000000
3.408772 6.628268 2.871035 0.204083 0.150130 0.368197 0.000000
2.802680 0.823425 5.162650 0.111741 0.318650 8.408995 0.000000
4.986749 3.162034 4.069089 -0.268587 0.555043 1.117455 0.000000
1.483750 3.873727 5.883440 -0.196048 0.484176 0.824112 0.000000
4.662735 1.016642 4.511246 -0.332638 0.666764 6.129536 0.000000
1.505401 1.197003 2.236302 0.669136 0.536600 4.797742 0.000000
2.149069 4.906162 1.455999 -0.452298 0.906911 0.578185 0.000000
2.386533 5.797772 4.461352 0.940525 0.145680 0.450078 0.000000
4.054692 5.251178 1.479202 -0.290047 0.950986 0.522149 0.000000
4.765867 3.663562 4.682930 0.780325 0.843815 0.896034 0.000000
1.670597 3.636167 4.175840 0.666483 0.158557 0.906179 0.000000
2.465818 2.996503 5.772019 -0.017897 0.890076 1.211317 0.000000
2.418885 4.888089 0.946959 0.101919 0.184506 0.581395 0.000000
2.864165 2.391875 2.132862 0.702767 0.360752 1.698526 0.000000
3.102509 5.344406 6.063675 0.543156 0.126153 0.508547 0.000000
3.587581 5.878644 1.040993 0.190630 0.344336 0.440823 0.000000
3.210234 6.982635 5.531227 -0.439134 0.364530 0.340526 0.000000
1.425574 4.325392 0.238229 -0.487157 0.482759 0.698460 0.000000
3.893030 2.781432 3.704848 -0.966250 0.089900 1.354494 0.000000
3.506009 3.639797 3.342883 -0.695637 0.650504 0.904824 0.000000
4.006365 5.052166 5.315685 -0.583990 0.026083 0.553304 0.000000
4.539171 2.161873 5.468031 -0.148765 0.051403 1.976672 0.000000
2.929844 3.840670 5.626555 -0.942937 0.765340 0.834775 0.000000
4.940073 5.803024 4.377126 -0.107140 0.181098 0.449468 0.000000
3.860989 5.744825 5.742960 0.696571 0.519218 0.456315 0.000000
2.591616 6.966739 4.461208 0.326532 0.825578 0.341693 0.000000
2.847418 6.801227 5.991172 0.729113 0.804760 0.354241 0.000000
4.661681 2.380389 3.600734 0.524896 0.471320 1.710834 0.000000
3.704416 2.989596 4.597090 -0.411281 0.197136 1.215517 0.000000
2.128952 1.021672 5.434939 -0.016604 0.836848 6.084331 0.000000
3.149931 2.048646 3.295685 -0.782015 0.720376 2.142790 0.000000
4.799951 4.227822 0.942306 0.372461 0.315351 0.722778 0.000000
1.157160 4.368201 0.085992 0.326726 0.155631 0.688218 0.000000
4.466913 5.580610 6.067422 0.838543 0.422078 0.476604 0.000000
4.994540 1.193572 6.019105 0.196705 0.437158 4.818442 0.000000
1.131977 5.838389 6.082318 -0.553504 0.835266 0.445390 0.000000
4.722708 4.199286 0.334673 -0.850980 0.647223 0.730158 0.000000
3.737641 2.936697 3.816652 0.999933 0.820052 1.248507 0.000000
1.170827 3.102061 3.624693 -0.165007 0.835933 1.150017 0.000000
1.273631 0.202617 1.524421 -0.009672 0.869225 68.891698 0.000000
3.227497 6.401209 5.451488 -0.160582 0.646397 0.387960 0.000000
4.341594 6.872627 5.424466 -0.096476 0.476524 0.348735 0.000000
1.953986 1.873600 1.358039 0.087998 0.129961 2.449992 0.000000
2.908194 2.192019 3.909131 0.939344 0.079477 1.936036 0.000000
1.567358 2.287308 5.492128 0.905544 0.921178 1.816322 0.000000
3.948806 0.581104 3.477413 -0.453413 0.116446 14.184025 0.000000
4.333114 5.193302 3.380521 0.987233 0.184861 0.530902 0.000000
1.160062 2.575919 5.307484 0.524720 0.087604 1.519783 0.000000
2.467064 5.440695 2.349600 0.190263 0.933852 0.495106 0.000000
1.181439 4.490150 0.199197 0.484403 0.030780 0.660372 0.000000
1.370575 1.039609 4.113457 -0.310108 0.149740 5.927545 0.000000
2.856956 5.339863 1.988419 -0.029599 0.101694 0.509196 0.000000
3.950207 3.548508 0.834636 0.467613 0.859352 0.939964 0.000000
1.100656 2.294046 2.710603 0.159497 0.175200 1.808326 0.000000
2.050380 1.012626 4.739210 0.766391 0.792816 6.166040 0.000000
4.949142 0.342965 0.409035 0.587021 0.059954 31.282760 0.000000
1.027674 1.285247 3.734055 0.759703 0.938454 4.312211 0.000000
2.037111 4.638792 4.488486 -0.279242 0.808011 0.628887 0.000000
1.983461 0.207365 4.434004 -0.414566 0.575548 66.539104 0.000000
2.320162 6.596153 3.093957 0.856572 0.220371 0.370889 0.000000
1.638361 0.881163 5.615061 -0.212440 0.229827 7.596181 0.000000
2.421153 0.080002 2.762609 -0.221639 0.290095 277.669007 0.000000
4.890489 2.230877 4.430349 -0.290999 0.307680 1.885673 0.000000
2.825274 6.867482 1.164931 0.679639 0.791517 0.349127 0.000000
1.743513 3.749313 4.053984 -0.085777 0.434601 0.865471 0.000000
4.866349 5.330928 0.902733 0.809574 0.369201 0.510476 0.000000
1.165906 1.716313 0.532304 0.390452 0.502827 2.794378 0.000000
2.394364 0.713397 4.808564 0.770932 0.882125 10.427560 0.000000
3.578182 6.269645 1.813594 -0.179159 0.543035 0.400235 0.000000
2.797953 2.318133 3.752077 0.987790 0.667870 1.780215 0.000000
1.229113 2.453488 2.475305 -0.368104 0.987807 1.634948 0.000000
1.351138 5.720719 4.872927 0.154025 0.598186 0.459202 0.000000
4.057075 0.735828 0.901303 0.841612 0.292146 9.954412 0.000000
3.688894 5.556912 5.863959 -0.860774 0.470512 0.479656 0.000000
4.309906 3.018473 0.595241 -0.454696 0.006331 1.198116 0.000000
2.668407 5.168528 0.978142 0.650243 0.449887 0.534724 0.000000
2.393134 1.706229 1.575195 0.782352 0.762529 2.819188 0.000000
3.654850 4.554040 1.868279 0.219943 0.214684 0.646524 0.000000
3.698791 0.554358 4.461781 0.710618 0.411217 15.222790 0.000000
2.072201 1.848686 1.239523 0.310911 0.992945 2.499684 0.000000
2.863506 1.035345 2.620000 -0.212194 0.135913 5.964198 0.000000
1.185291 1.945202 5.548648 -0.137294 0.586280 2.315970 0.000000
4.038411 1.292000 1.148116 -0.927397 0.509898 4.278447 0.000000
2.455131 5.892897 5.103650 -0.598662 0.515039 0.439225 0.000000
2.876291 3.465347 4.015151 0.812139 0.767309 0.974002 0.000000
2.215373 3.793297 3.707136 0.694961 0.489257 0.850461 0.000000
2.742674 5.670530 0.130132 0.922711 0.005812 0.465312 0.000000
1.605451 2.890647 5.504107 0.264454 0.683042 1.278461 0.000000
2.376282 3.810208 5.970595 0.620835 0.314747 0.844806 0.000000
1.489888 2.787659 3.621082 0.856883 0.065449 1.349958 0.000000
2.878695 4.410178 3.861168 -0.144357 0.172255 0.678415 0.000000
3.115569 6.683163 5.739949 -0.167365 0.607166 0.363669 0.000000
1.627729 5.190516 1.887370 0.594343 0.523088 0.531330 0.000000
3.816529 2.605819 5.121433 -0.811625 0.367957 1.493701 0.000000
2.099130 4.102986 5.899260 -0.427283 0.947460 0.756014 0.000000
2.591772 5.969646 3.120013 0.257371 0.567729 0.430781 0.000000
4.175612 5.412765 0.364143 0.311403 0.089466 0.498943 0.000000
3.169820 2.304962 5.424925 0.932949 0.506488 1.795495 0.000000
3.874017 2.714381 4.803806 -0.222230 0.422981 1.404992 0.000000
1.113580 4.256257 0.566697 0.867188 0.289386 0.715547 0.000000
2.882739 4.208488 0.978630 0.215278 0.142696 0.727764 0.000000
1.987832 4.673664 5.679158 -0.647443 0.008947 0.621861 0.000000
1.595421 2.861797 4.912554 0.186967 0.613426 1.297841 0.000000
3.878858 5.008222 4.121749 0.199339 0.803532 0.560602 0.000000
3.927965 0.358244 0.840793 -0.602815 0.611810 29.303005 0.000000
1.746148 0.637520 2.101960 -0.662207 0.432948 12.343511 0.000000
2.380311 2.233797 2.242257 0.327614 0.879086 1.881977 0.000000
2.986333 0.836111 1.364696 0.974221 0.219346 8.218337 0.000000
4.445962 0.809696 1.927132 0.147823 0.182201 8.623771 0.000000
1.515724 4.470130 5.850342 -0.771226 0.486192 0.664813 0.000000
1.548779 4.450000 3.711486 0.498478 0.272180 0.669329 0.000000
2.402556 0.826377 0.560562 -0.035562 0.182648 8.363979 0.000000
1.073807 4.734579 3.577503 0.601123 0.223396 0.609899 0.000000
4.626892 0.443405 1.999319 0.559804 0.140326 21.280391 0.000000
2.104742 3.615817 6.233731 -0.327115 0.353671 0.913840 0.000000
2.363226 6.118954 1.815685 -0.106870 0.280979 0.415111 0.000000
1.516647 4.179963 1.735494 -0.730374 0.239452 0.735227 0.000000
2.090531 6.227612 3.407187 0.741530 0.942007 0.404294 0.000000
3.987276 4.861440 5.706828 0.154777 0.310130 0.586182 0.000000
3.533025 6.763121 0.449913 0.150778 0.705945 0.357239 0.000000
2.230146 5.670021 5.211869 0.960470 0.018665 0.465375 0.000000
4.425542 2.729921 1.883605 -0.406223 0.089885 1.393012 0.000000
3.403838 0.078474 0.060940 0.667826 0.971295 285.820130 0.000000
1.445748 0.702395 5.846997 0.333192 0.819121 10.673531 0.000000
1.161646 0.437598 2.281961 0.040441 0.202984 21.705377 0.000000
3.369478 2.271366 4.198090 -0.226214 0.031700 1.835477 0.000000
1.811738 1.400448 4.467892 -0.523288 0.526828 3.791223 0.000000
3.720951 4.283086 0.988606 0.506824 0.846668 0.708834 0.000000
4.955339 4.322291 2.408816 -0.510361 0.590587 0.699212 0.000000
4.202038 1.147111 0.366619 0.521899 0.542029 5.114128 0.000000
1.316225 3.057074 1.568111 -0.002670 0.521261 1.175495 0.000000
3.393257 0.300874 3.270086 -0.237098 0.379565 38.071686 0.000000
2.731630 5.041712 2.876091 -0.516905 0.057624 0.555025 0.000000
3.308107 2.333123 1.496187 0.322461 0.982044 1.763085 0.000000
4.625322 1.224331 4.076579 0.201550 0.330526 4.638011 0.000000
2.821877 6.166390 6.258973 0.110204 0.154197 0.410330 0.000000
3.964207 3.575472 5.102760 0.957293 0.765003 0.929351 0.000000
1.597075 0.624388 1.868024 -0.604878 0.261049 12.734988 0.000000
1.885967 6.383217 4.569864 -0.771537 0.272800 0.389601 0.000000
3.361061 0.218762 2.753285 -0.797225 0.272877 61.407606 0.000000
3.304688 0.798653 2.916562 0.882334 0.250791 8.803238 0.000000
4.577026 6.584400 2.531662 0.915638 0.024500 0.371882 0.000000
2.290186 4.253537 1.327361 0.426115 0.600091 0.716233 0.000000
1.784431 5.507001 3.654602 -0.202071 0.980151 0.486191 0.000000
1.179881 3.896658 3.554509 -0.537020 0.546768 0.816848 0.000000
3.083578 1.581378 3.229739 -0.921531 0.006026 3.159557 0.000000
4.952628 3.692265 2.054106 0.696344 0.758236 0.885606 0.000000
3.153454 3.916005 4.192927 -0.445015 0.889262 0.810802 0.000000
1.977108 5.382567 2.632840 -0.198575 0.446386 0.503148 0.000000
4.459459 2.949907 0.975132 0.744755 0.776484 1.240131 0.000000
2.893475 3.734309 4.997338 -0.338325 0.839963 0.870692 0.000000
2.972002 1.004741 2.184450 0.262094 0.570353 6.238768 0.000000
1.914409 6.367695 0.575491 -0.517258 0.028244 0.391027 0.000000
1.738346 4.529986 5.584085 0.178731 0.395718 0.651680 0.000000
2.722413 4.204307 5.773609 0.133248 0.540688 0.728850 0.000000
3.529294 2.873182 2.710470 -0.630599 0.989636 1.290135 0.000000
3.529349 6.026211 2.820922 0.324936 0.898829 0.424730 0.000000
4.672569 4.319640 0.689189 0.497807 0.559251 0.699856 0.000000
4.908940 2.255307 4.967027 -0.819353 0.132502 1.855117 0.000000
2.285787 6.856784 1.746708 0.141964 0.237251 0.349945 0.000000
2.885305 4.845520 4.920231 -0.212841 0.915076 0.589073 0.000000
4.195101 5.488677 2.027815 -0.493153 0.118527 0.488628 0.000000
2.912213 0.167425 0.028088 -0.553925 0.281680 91.717153 0.000000
3.101782 6.403414 1.291575 -0.904169 0.590446 0.387760 0.000000
2.595878 0.841683 3.924961 -0.823089 0.520137 8.136871 0.000000
4.618438 1.934683 0.406094 0.282969 0.621375 2.334882 0.000000
3.196353 5.136833 5.863431 0.756081 0.135865 0.539680 0.000000
1.393169 6.437323 5.874110 -0.550229 0.716214 0.384700 0.000000
2.047090 0.303315 6.078512 -0.506494 0.745978 37.613149 0.000000
4.573420 2.334176 6.214683 -0.573199 0.173103 1.761892 0.000000
3.848917 3.361458 3.114311 -0.224820 0.810819 1.019503 0.000000
3.154722 5.372297 4.608246 0.474406 0.125698 0.504591 0.000000
4.308519 5.704726 1.164362 -0.285493 0.754617 0.461135 0.000000
4.694696 4.920451 4.485725 -0.019258 0.418683 0.575669 0.000000
1.055256 3.514812 2.878836 0.773213 0.479332 0.953513 0.000000
4.927294 0.843977 5.243993 -0.786593 0.537463 8.103718 0.000000
3.399215 2.237349 5.183069 0.081137 0.431414 1.877497 0.000000
4.919089 5.908638 4.510110 -0.844286 0.405837 0.437471 0.000000
1.322117 0.937479 6.248652 -0.374545 0.351593 6.922091 0.000000
2.199932 4.244046 3.783113 -0.113223 0.605790 0.718637 0.000000
4.813623 6.189261 5.872000 -0.032016 0.067194 0.408058 0.000000
3.686488 5.302319 1.738883 -0.836572 0.539741 0.514613 0.000000
3.360257 5.470384 6.051579 0.839266 0.202859 0.491081 0.000000
1.348246 4.361815 3.939745 -0.864431 0.985508 0.689730 0.000000
3.704103 4.572611 0.589112 -0.425460 0.689321 0.642589 0.000000
4.227559 3.823661 1.519177 -0.681592 0.156389 0.840351 0.000000
1.873090 6.374583 3.044676 0.512863 0.382501 0.390393 0.000000
1.386508 5.580639 4.062736 0.925859 0.225737 0.476600 0.000000
1.560344 3.774317 3.442777 0.283568 0.019971 0.856885 0.000000
4.857128 6.827452 0.242949 0.558466 0.564976 0.352202 0.000000
4.666376 4.979142 4.603860 0.282784 0.583483 0.565520 0.000000
4.826909 1.702672 0.793638 0.801206 0.159572 2.828026 0.000000
2.525709 0.400024 5.391180 -0.803069 0.808260 24.834200 0.000000
1.380084 1.978032 1.555672 0.957941 0.980925 2.258551 0.000000
1.950882 3.810780 0.548547 0.045201 0.862452 0.844615 0.000000
4.613495 4.125671 4.287491 -0.143718 0.273837 0.749787 0.000000
2.360807 5.515847 5.184153 -0.232505 0.663152 0.485022 0.000000
3.752367 2.263188 5.924345 -0.149477 0.440448 1.845435 0.000000
4.203616 0.100074 1.374788 -0.643248 0.228400 198.470102 0.000000
4.346952 1.767901 0.419671 -0.440344 0.392337 2.672964 0.000000
3.661435 1.690704 1.799601 -0.317055 0.874242 2.858108 0.000000
2.741111 4.024938 1.341805 -0.052754 0.495114 0.778110 0.000000
4.933105 1.803119 3.462956 0.115432 0.553012 2.595035 0.000000
1.338438 6.402871 0.900827 0.221401 0.170189 0.387809 0.000000
2.068758 1.415540 4.845733 -0.040906 0.161023 3.730753 0.000000
2.894026 6.455773 5.430730 -0.863794 0.848410 0.383052 0.000000
2.009100 4.494475 1.210032 -0.475156 0.008201 0.659419 0.000000
2.070870 4.608522 1.916940 -0.284749 0.546900 0.635093 0.000000
1.582179 3.888300 0.184779 -0.658793 0.805315 0.819484 0.000000
3.491906 4.850290 4.322391 -0.372469 0.989696 0.588204 0.000000
2.614898 0.611074 4.558720 -0.146524 0.246572 13.153442 0.000000
3.490988 1.483463 5.986095 -0.445321 0.937926 3.477481 0.000000
4.820054 0.528185 4.587177 0.873252 0.854817 16.368203 0.000000
1.325382 5.654155 0.078706 -0.690268 0.668246 0.467335 0.000000
1.959606 6.733227 3.282036 0.241371 0.407634 0.359621 0.000000
3.741737 6.772494 2.884017 0.758229 0.327336 0.356498 0.000000
4.449783 2.323423 5.057461 -0.095360 0.840999 1.774138 0.000000
2.440072 4.239720 1.717618 -0.153918 0.742721 0.719737 0.000000
2.321123 5.593815 4.208312 -0.173434 0.451942 0.474917 0.000000
3.750007 0.789803 1.974739 -0.995069 0.192625 8.951616 0.000000
2.612909 5.671163 5.812439 0.689047 0.058688 0.465234 0.000000
3.138415 6.139425 3.282697 -0.032929 0.935941 0.413036 0.000000
1.093908 0.961366 0.429583 -0.450040 0.139628 6.665711 0.000000
3.714982 0.490236 3.149531 0.138244 0.333421 18.305110 0.000000
4.673172 4.951761 4.428759 -0.466940 0.656487 0.570217 0.000000
3.995123 6.685461 0.531511 0.670149 0.115183 0.363482 0.000000
1.462483 5.714994 4.774172 0.464714 0.941578 0.459892 0.000000
3.390864 5.175631 0.611709 0.852921 0.714668 0.533623 0.000000
1.551232 3.543732 0.449784 0.619294 0.830133 0.941865 0.000000
4.119879 5.745841 4.421862 0.212484 0.165614 0.456194 0.000000
3.705348 4.073881 3.980480 0.353013 0.970250 0.764130 0.000000
1.820785 0.195504 4.608040 0.735868 0.002497 72.685166 0.000000
3.613866 6.088731 3.805374 -0.698591 0.747914 0.418205 0.000000
2.296487 0.056011 2.042190 0.292853 0.215500 473.984946 0.000000
3.428239 1.528991 4.678540 0.779976 0.906389 3.323321 0.000000
2.470881 0.228006 1.474656 -0.987823 0.820625 57.711233 0.000000
4.583966 3.541264 5.378974 -0.148820 0.506799 0.942850 0.000000
1.653282 6.086145 5.446884 0.604761 0.936802 0.418472 0.000000
3.074196 5.344975 3.814893 -0.889044 0.211026 0.508465 0.000000
3.448432 3.550998 6.140464 -0.602617 0.136006 0.938976 0.000000
1.774719 3.210131 1.719874 0.462748 0.206125 1.092435 0.000000
4.500273 3.439897 1.684125 0.351591 0.169906 0.984831 0.000000
1.287667 4.353628 4.245013 -0.327512 0.250471 0.691676 0.000000
2.347951 5.820732 3.681394 -0.379165 0.259632 0.447418 0.000000
2.876214 1.619578 1.637338 0.225434 0.334078 3.048436 0.000000
3.458679 6.493013 3.604481 -0.819691 0.629476 0.379761 0.000000
3.948657 1.994641 1.286410 0.273458 0.261037 2.230400 0.000000
3.695663 3.270054 1.340827 0.318726 0.745382 1.062545 0.000000
1.840447 3.036051 0.013974 -0.002923 0.787507 1.187726 0.000000
4.018738 5.306340 1.119565 -0.334443 0.442307 0.514029 0.000000
3.079787 4.370824 2.344251 0.103584 0.609191 0.687598 0.000000
4.374061 2.978256 2.714425 -0.731105 0.539260 1.222466 0.000000
4.540464 4.346433 1.446090 0.543728 0.021821 0.693395 0.000000
2.072193 4.712135 2.519047 0.337064 0.895084 0.614261 0.000000
4.337795 3.496179 5.434749 0.392014 0.817466 0.961146 0.000000
3.502849 6.296363 2.871866 0.650099 0.009462 0.397691 0.000000
3.218118 6.990440 4.914295 0.410032 0.250109 0.339956 0.000000
1.728165 6.609323 4.429014 0.033434 0.940374 0.369781 0.000000
3.449080 1.351981 2.251905 0.652483 0.377392 3.996907 0.000000
2.001845 5.351256 2.962408 0.391085 0.146028 0.507570 0.000000
3.334987 2.530226 1.506668 -0.595364 0.929679 1.561137 0.000000
4.146961 1.601884 1.994420 0.267789 0.446159 3.099082 0.000000
2.178747 2.538130 5.314806 -0.781474 0.696638 1.553850 0.000000
1.520802 2.232227 3.299711 0.675202 0.272951 1.883963 0.000000
3.216123 6.945125 0.559395 0.398134 0.720421 0.343289 0.000000
1.827797 0.201318 6.205030 -0.434838 0.032203 69.559202 0.000000
2.973493 4.867486 2.999735 -0.381785 0.288465 0.585090 0.000000
2.572024 5.843901 5.807017 0.044063 0.553477 0.444760 0.000000
2.641219 3.705648 5.532061 0.188027 0.310893 0.880813 0.000000
